ID,Player,Team,Position,Status,Opponent,FPts,FP/G,GP,FG-,3PTM,FT-,PTS,OREB,REB,AST,ST,BLK,TO,TF,EJ,3D,2D,,,,,,,,
*03e75*,Nikola Jokic,DEN,"C,Flx",DBD,,7029,106.5,66,364,57,71,"1,645",162,780,652,83,42,232,4,0,28,55,,,,,,,,
*042n7*,Domantas Sabonis,SAC,"F,C,Flx",PRO,,5946,82.58,72,337,28,95,"1,376",230,899,524,59,36,210,2,0,12,60,,,,,,,,
*04kj6*,Luka Doncic,DAL/LAL,"G,Flx",MylS,,5706,95.1,60,672,169,173,"1,983",50,520,491,86,31,223,17,1,10,33,,,,,,,,
*03al2*,Joel Embiid,PHI,"C,Flx",FA,TOR 127<br/>@PHI 109 F,5558,91.11,61,562,63,105,"2,032",108,621,257,65,106,211,5,0,1,37,,,,,,,,
*03xmv*,Jayson Tatum,BOS,"F,Flx",ROMO,,5540,80.29,69,795,223,86,"2,078",74,612,323,72,50,205,10,1,1,30,,,,,,,,
*03ajv*,Julius Randle,MIN,"F,C,Flx",Tribunal,DET 104<br/>@MIN 123 F,5215,69.53,75,761,215,128,"1,907",139,758,312,48,21,213,11,1,0,40,,,,,,,,
*031m2*,Giannis Antetokounmpo,MIL,"F,C,Flx",TRH,ATL 145<br/>@MIL 124 F,5028,85.22,59,540,47,256,"1,836",131,693,329,47,46,229,5,0,4,43,,,,,,,,
*04qro*,Shai Gilgeous-Alexander,OKC,"G,Flx",Fent,,5025,78.52,64,637,55,66,"2,003",56,305,348,108,64,184,1,0,0,3,,,,,,,,
*02nf6*,Damian Lillard,MIL,"G,Flx",BabyOil,ATL 145<br/>@MIL 124 F,4931,85.02,58,646,244,48,"1,866",44,277,425,50,18,191,8,0,2,16,,,,,,,,
*04qrk*,Trae Young,ATL,"G,Flx",J&J,ATL 145<br/>@MIL 124 F,4731,69.57,68,744,150,66,"1,812",55,208,677,74,9,277,17,1,0,36,,,,,,,,
*027p0*,Nikola Vucevic,CHI,"C,Flx",TRUMP,,4662,63,74,506,113,24,"1,296",148,827,241,56,56,129,8,1,1,46,,,,,,,,
*05qug*,Anthony Edwards,MIN,"G,F,Flx",TRUMP,DET 104<br/>@MIN 123 F,4584,63.67,72,753,195,89,"1,768",40,421,318,115,51,240,14,1,0,8,,,,,,,,
*04ewe*,Donovan Mitchell,CLE,"G,Flx",J&J,LAC 122<br/>@CLE 127 F,4471,69.86,64,679,226,44,"1,753",62,269,286,94,25,166,2,1,0,5,,,,,,,,
*04azw*,Lauri Markkanen,UTA,"F,Flx",MylS,,4466,69.78,64,545,197,49,"1,643",125,552,119,40,38,124,0,0,0,28,,,,,,,,
*042nm*,Pascal Siakam,IND,"F,C,Flx",Sar,,4460,68.62,65,633,89,105,"1,575",120,508,386,55,33,160,5,0,2,22,,,,,,,,
*01eo6*,James Harden,LAC,"G,Flx",Sar,LAC 122<br/>@CLE 127 F,4410,83.21,53,434,149,46,"1,133",36,336,575,64,28,179,3,0,5,33,,,,,,,,
*03el5*,Kristaps Porzingis,BOS,"F,C,Flx",MylS,,4410,68.91,64,504,134,62,"1,473",112,533,168,57,99,137,7,0,0,19,,,,,,,,
*05qtv*,Tyrese Haliburton,IND,"G,Flx",15,,4391,78.41,56,429,161,26,"1,160",33,205,585,91,25,141,3,0,0,32,,,,,,,,
*04ewf*,Bam Adebayo,MIA,"F,C,Flx",PRO,,4318,61.69,70,486,1,76,"1,463",171,650,228,83,61,183,7,1,0,30,,,,,,,,
*03ams*,Zach LaVine,CHI/SAC,"G,F,Flx",420,,4304,61.49,70,655,195,59,"1,759",41,321,291,63,17,181,3,0,0,2,,,,,,,,
*049kb*,DeAaron Fox,SAC/SA,"G,Flx",FA,GS 148<br/>@SA 106 F,4238,64.21,66,583,111,93,"1,667",34,275,400,77,21,170,11,1,0,10,,,,,,,,
*05uid*,Evan Mobley,CLE,"F,C,Flx",J&J,LAC 122<br/>@CLE 127 F,4236,57.24,74,398,21,95,"1,209",174,661,205,58,107,145,0,0,0,22,,,,,,,,
*04qrn*,Mikal Bridges,NY,"G,F,Flx",DBD,POR 93<br/>@NY 110 F,4217,55.49,76,593,155,30,"1,500",73,334,252,83,58,113,1,0,0,2,,,,,,,,
*027pe*,Jimmy Butler,MIA/GS,"F,Flx",420,GS 148<br/>@SA 106 F,4211,70.18,60,394,34,79,"1,368",139,358,308,112,21,98,1,0,0,10,,,,,,,,
*01enh*,Stephen Curry,GS,"G,Flx",TRUMP,GS 148<br/>@SA 106 F,4183,83.66,50,507,242,22,"1,470",34,311,316,46,17,165,5,1,1,12,,,,,,,,
*03lls*,Jaylen Brown,BOS,"G,F,Flx",420,,4175,66.27,63,656,159,78,"1,699",76,438,214,72,26,185,3,0,0,12,,,,,,,,
*04848*,Fred VanVleet,HOU,"G,Flx",Tribunal,HOU 148<br/>@PHO 109 F,4109,65.22,63,620,195,27,"1,249",28,262,444,110,35,128,8,1,1,9,,,,,,,,
*042nq*,Dejounte Murray,NO,"G,Flx",420,CHA 94<br/>@NO 98 F,4096,60.24,68,662,127,30,"1,385",48,362,419,103,19,148,8,0,1,8,,,,,,,,
*027oj*,Kyrie Irving,DAL,"G,Flx",Fent,,4094,74.44,55,567,176,26,"1,489",55,283,300,58,41,122,3,0,0,5,,,,,,,,
*051ol*,Darius Garland,CLE,"G,Flx",J&J,LAC 122<br/>@CLE 127 F,4086,62.86,65,562,163,44,"1,407",27,175,508,83,7,188,3,0,0,17,,,,,,,,
*01eon*,DeMar DeRozan,SAC,"G,F,Flx",DBD,,4075,60.82,67,583,41,64,"1,674",32,317,341,73,34,143,11,1,0,6,,,,,,,,
*051pb*,Nicolas Claxton,BKN,"C,Flx",15,,4054,57.91,70,161,0,108,876,167,642,129,56,176,89,11,0,0,25,,,,,,,,
*051oi*,Ja Morant,MEM,"G,Flx",420,,4043,72.2,56,606,86,119,"1,498",60,326,453,62,15,184,7,2,6,19,,,,,,,,
*02nf1*,Anthony Davis,LAL/DAL,"F,C,Flx",Tribunal,,4039,82.43,49,365,18,82,"1,267",163,608,127,50,97,112,1,0,0,35,,,,,,,,
*04qsa*,Jalen Brunson,NY,"G,Flx",J&J,POR 93<br/>@NY 110 F,4036,62.09,65,579,125,63,"1,546",38,232,401,58,15,132,2,0,0,5,,,,,,,,
*05uig*,Josh Giddey,CHI,"G,F,Flx",15,,4031,57.59,70,521,69,30,"1,142",141,554,428,53,30,200,2,0,4,27,,,,,,,,
*042n3*,Buddy Hield,GS,"G,F,Flx",PRO,GS 148<br/>@SA 106 F,3982,53.09,75,541,271,21,"1,271",65,378,207,87,25,132,1,0,0,3,,,,,,,,
*005ki*,Brook Lopez,MIL,"C,Flx",Fent,ATL 145<br/>@MIL 124 F,3967,55.1,72,395,131,37,"1,119",140,480,94,35,182,100,9,2,0,10,,,,,,,,
*01eo9*,Jrue Holiday,BOS,"G,Flx",EE,,3934,63.45,62,495,145,22,"1,169",68,307,455,72,24,177,0,0,0,14,,,,,,,,
*031lx*,CJ McCollum,NO,"G,Flx",420,CHA 94<br/>@NO 98 F,3910,58.36,67,680,188,45,"1,405",54,300,396,62,35,169,6,0,0,5,,,,,,,,
*0011e*,LeBron James,LAL,"F,Flx",15,,3885,80.94,48,534,100,72,"1,407",58,404,329,44,26,152,1,0,1,16,,,,,,,,
*03e74*,Spencer Dinwiddie,DAL,"G,Flx",J&J,,3856,52.82,73,544,172,57,"1,281",27,245,444,62,22,137,7,1,0,7,,,,,,,,
*05uiq*,Alperen Sengun,HOU,"C,Flx",EE,HOU 148<br/>@PHO 109 F,3776,55.53,68,320,15,73,998,213,590,260,60,61,169,4,0,2,23,,,,,,,,
*01uyj*,Paul George,PHI,"G,F,Flx",Tribunal,TOR 127<br/>@PHI 109 F,3746,66.89,56,545,158,38,"1,332",45,342,288,83,20,176,5,0,1,8,,,,,,,,
*03ad2*,Myles Turner,IND,"C,Flx",PRO,,3744,60.39,62,331,93,60,"1,113",88,466,89,36,140,103,0,0,0,18,,,,,,,,
*04ewm*,Jarrett Allen,CLE,"C,Flx",ROMO,LAC 122<br/>@CLE 127 F,3716,57.17,65,214,1,56,938,212,646,109,53,81,90,0,0,0,32,,,,,,,,
*05uie*,Scottie Barnes,TOR,"G,F,Flx",J&J,TOR 127<br/>@PHI 109 F,3708,52.97,70,510,61,52,"1,082",167,478,332,71,57,141,6,1,1,14,,,,,,,,
*031m9*,Mason Plumlee,PHO,"C,Flx",FA,HOU 148<br/>@PHO 109 F,3668,50.94,72,147,0,113,807,217,671,232,44,44,109,2,0,0,23,,,,,,,,
*042n6*,Jakob Poeltl,TOR,"C,Flx",15,TOR 127<br/>@PHI 109 F,3627,55.8,65,207,0,77,836,215,597,185,63,81,119,0,0,0,18,,,,,,,,
*03ad4*,DAngelo Russell,LAL/BKN,"G,Flx",EE,,3603,55.43,65,470,178,31,"1,172",33,199,404,67,28,171,6,2,0,8,,,,,,,,
*02xg9*,Rudy Gobert,MIN,"C,Flx",Fent,DET 104<br/>@MIN 123 F,3581,56.84,63,168,0,114,868,206,729,70,51,88,109,5,1,0,30,,,,,,,,
*05uii*,Franz Wagner,ORL,"G,F,Flx",MylS,,3568,48.22,74,530,121,49,"1,385",64,301,267,68,15,157,3,0,0,2,,,,,,,,
*051p8*,Jordan Poole,WAS,"G,Flx",DBD,,3565,46.91,76,683,197,48,"1,551",31,207,347,60,18,239,12,1,0,1,,,,,,,,
*042n4*,Jamal Murray,DEN,"G,Flx",15,,3525,58.75,60,535,158,36,"1,210",45,241,369,60,13,133,2,0,1,5,,,,,,,,
*005kc*,Russell Westbrook,DEN,"G,Flx",Fent,,3523,53.38,66,512,75,95,"1,024",77,391,491,69,28,236,7,0,4,21,,,,,,,,
*04ewr*,Kyle Kuzma,WAS/MIL,"F,Flx",DBD,ATL 145<br/>@MIL 124 F,3517,54.95,64,630,160,64,"1,357",55,463,239,36,29,190,2,0,1,14,,,,,,,,
*04qrj*,Jaren Jackson,MEM,"F,C,Flx",J&J,,3456,60.63,57,362,85,59,"1,024",95,380,52,61,174,93,8,0,0,6,,,,,,,,
*04ewt*,Derrick White,BOS,"G,Flx",BabyOil,,3427,45.69,75,370,137,22,927,49,266,301,51,69,80,0,0,0,6,,,,,,,,
*03nwl*,Terry Rozier,MIA,"G,Flx",FA,,3421,54.3,63,695,165,42,"1,329",51,259,319,74,16,134,1,0,0,1,,,,,,,,
*027oo*,Jonas Valanciunas,WAS/SAC,"C,Flx",MylS,,3404,47.94,71,332,36,35,"1,020",201,706,124,19,41,141,4,1,0,39,,,,,,,,
*06210*,Paolo Banchero,ORL,"F,Flx",EE,,3396,49.94,68,611,77,127,"1,349",77,455,251,59,35,185,3,0,0,11,,,,,,,,
*049kd*,Deandre Ayton,POR,"C,Flx",DBD,POR 93<br/>@NY 110 F,3389,55.56,61,340,7,45,"1,117",161,619,111,34,47,111,7,0,0,34,,,,,,,,
*051ot*,Tyler Herro,MIA,"G,Flx",TRH,,3378,55.38,61,573,186,12,"1,237",26,339,260,48,16,148,3,0,1,6,,,,,,,,
*03ad7*,Kevon Looney,GS,"F,C,Flx",FA,GS 148<br/>@SA 106 F,3375,44.41,76,128,0,59,549,247,694,188,48,47,41,0,0,0,14,,,,,,,,
*027ou*,Klay Thompson,DAL,"G,F,Flx",TRH,,3373,52.7,64,655,273,16,"1,387",38,270,153,45,26,115,5,1,0,2,,,,,,,,
*001aw*,Kevin Durant,PHO,"F,Flx",BabyOil,HOU 148<br/>@PHO 109 F,3370,80.24,42,337,78,21,"1,238",15,284,218,33,61,142,11,0,1,5,,,,,,,,
*0621l*,Walker Kessler,UTA,"C,Flx",Tribunal,,3365,48.07,70,105,1,72,626,218,584,62,25,161,55,0,0,0,19,,,,,,,,
*027p4*,Tobias Harris,DET,"F,Flx",Tribunal,DET 104<br/>@MIN 123 F,3346,48.49,69,401,122,16,"1,034",64,401,175,65,38,84,1,0,0,7,,,,,,,,
*03aq2*,Jerami Grant,POR,"F,Flx",EE,POR 93<br/>@NY 110 F,3331,52.87,63,479,144,64,"1,290",53,283,150,51,53,116,2,0,0,2,,,,,,,,
*05uic*,Jalen Green,HOU,"G,Flx",Tribunal,HOU 148<br/>@PHO 109 F,3303,47.87,69,722,174,83,"1,522",39,263,246,53,18,185,3,0,0,0,,,,,,,,
*02nfz*,Draymond Green,GS,"F,C,Flx",DBD,GS 148<br/>@SA 106 F,3287,49.06,67,206,38,30,571,57,487,455,66,53,179,16,2,0,11,,,,,,,,
*051os*,P.J. Washington,DAL,"F,Flx",TRH,,3273,46.1,71,533,142,46,"1,093",71,350,168,65,79,107,1,0,0,3,,,,,,,,
*03e6s*,Clint Capela,ATL,"C,Flx",ROMO,ATL 145<br/>@MIL 124 F,3248,55.05,59,172,0,45,713,247,664,54,40,74,48,0,0,0,32,,,,,,,,
*04ewu*,Josh Hart,NY,"G,F,Flx",Sar,POR 93<br/>@NY 110 F,3243,47,69,227,57,41,684,128,538,268,79,16,106,9,0,0,9,,,,,,,,
*03nwq*,Christian Wood,LAL,"F,Flx",FA,,3240,52.26,62,353,97,59,"1,059",82,470,114,28,66,115,1,0,0,11,,,,,,,,
*03al0*,Aaron Gordon,DEN,"F,Flx",Fent,,3236,52.19,62,286,57,109,"1,019",145,405,178,48,45,91,8,0,0,10,,,,,,,,
*042nt*,Ivica Zubac,LAC,"C,Flx",Sar,LAC 122<br/>@CLE 127 F,3235,46.88,69,171,0,61,726,222,690,74,25,91,109,0,0,0,24,,,,,,,,
*04qs1*,Anfernee Simons,POR,"G,Flx",15,POR 93<br/>@NY 110 F,3196,51.55,62,578,212,19,"1,306",18,161,253,42,14,128,0,0,0,0,,,,,,,,
*04qrw*,Kevin Huerter,SAC/CHI,"G,Flx",Sar,,3191,46.93,68,402,188,36,"1,046",39,228,202,74,20,90,2,0,0,0,,,,,,,,
*0017e*,Chris Paul,SA,"G,Flx",Sar,GS 148<br/>@SA 106 F,3175,59.91,53,336,82,26,723,23,228,482,83,19,103,6,0,0,17,,,,,,,,
*04ewn*,OG Anunoby,NY,"G,F,Flx",15,POR 93<br/>@NY 110 F,3155,51.72,61,424,126,27,"1,026",88,311,114,119,45,128,2,0,0,2,,,,,,,,
*03nwm*,Devin Booker,PHO,"G,F,Flx",Sar,HOU 148<br/>@PHO 109 F,3154,67.11,47,480,102,47,"1,327",40,215,256,40,17,125,9,0,0,4,,,,,,,,
*0621b*,Jalen Williams,OKC,"G,F,C,Flx",Tribunal,,3152,45.68,69,343,67,35,944,76,312,223,93,34,110,0,0,0,3,,,,,,,,
*027oz*,Kawhi Leonard,LAC,"G,F,Flx",ROMO,LAC 122<br/>@CLE 127 F,3137,68.2,46,374,88,33,"1,088",53,290,180,70,23,76,1,0,0,3,,,,,,,,
*05qtt*,Onyeka Okongwu,ATL,"C,Flx",420,ATL 145<br/>@MIL 124 F,3129,42.86,73,161,2,41,707,202,527,75,53,94,72,0,0,0,12,,,,,,,,
*05qu9*,Immanuel Quickley,TOR,"G,Flx",Tribunal,TOR 127<br/>@PHI 109 F,3123,42.2,74,452,140,35,"1,016",55,304,239,67,13,85,0,0,0,4,,,,,,,,
*05uir*,Trey Murphy,NO,"F,Flx",420,CHA 94<br/>@NO 98 F,3068,43.21,71,361,178,13,979,55,259,96,76,38,56,1,0,0,1,,,,,,,,
*05qt3*,Desmond Bane,MEM,"G,F,Flx",420,,3066,58.96,52,437,148,20,"1,103",39,260,220,49,20,111,2,1,0,1,,,,,,,,
*04qsm*,DeAnthony Melton,GS/BKN,"G,Flx",FA,,3041,42.83,71,345,150,15,737,62,295,188,121,39,93,1,0,0,0,,,,,,,,
*02nf7*,Harrison Barnes,SA,"F,Flx",DBD,GS 148<br/>@SA 106 F,3031,40.96,74,378,123,57,"1,116",73,343,119,49,10,80,1,0,0,0,,,,,,,,
*051p9*,Keldon Johnson,SA,"G,F,Flx",420,GS 148<br/>@SA 106 F,3025,49.59,61,586,130,80,"1,339",55,312,175,44,11,131,1,0,0,5,,,,,,,,
*03byk*,Jordan Clarkson,UTA,"G,F,Flx",ROMO,,3008,49.31,61,573,155,45,"1,271",72,246,270,33,13,186,3,1,0,3,,,,,,,,
*051pa*,Kevin Porter,LAC/MIL,"G,Flx",FA,ATL 145<br/>@MIL 124 F,2986,56.34,53,443,114,52,974,71,293,311,70,16,175,5,1,1,9,,,,,,,,
*02nf3*,Bradley Beal,PHO,"G,F,Flx",Tribunal,HOU 148<br/>@PHO 109 F,2978,59.56,50,434,80,36,"1,160",41,196,271,45,33,145,3,0,0,2,,,,,,,,
*03ad0*,Tyus Jones,PHO,"G,Flx",DBD,HOU 148<br/>@PHO 109 F,2927,39.55,74,365,115,19,778,27,180,373,73,4,68,0,0,1,8,,,,,,,,
*04qsj*,Bruce Brown,TOR/NO,"G,Flx",FA,CHA 94<br/>@NO 98 F,2895,39.66,73,336,87,30,798,53,295,241,75,45,115,2,0,1,3,,,,,,,,
*051oj*,RJ Barrett,TOR,"G,F,Flx",ROMO,TOR 127<br/>@PHI 109 F,2888,42.47,68,617,115,92,"1,340",57,344,186,29,13,154,2,0,0,3,,,,,,,,
*04jwd*,Royce ONeale,PHO,"G,F,Flx",TRH,HOU 148<br/>@PHO 109 F,2877,41.1,70,334,150,18,625,53,354,255,61,46,105,1,0,1,4,,,,,,,,
*0015e*,Mike Conley,MIN,"G,Flx",ROMO,DET 104<br/>@MIN 123 F,2874,47.9,60,315,118,23,684,29,160,417,66,13,95,0,0,0,6,,,,,,,,
*04qsi*,Jarred Vanderbilt,LAL,"F,Flx",FA,,2870,40.42,71,190,23,41,571,161,550,176,77,20,93,1,0,0,10,,,,,,,,
*05qu0*,Jaden McDaniels,MIN,"F,Flx",TRH,DET 104<br/>@MIN 123 F,2862,39.75,72,314,96,36,871,89,282,141,64,70,101,4,1,0,0,,,,,,,,
*06213*,Keegan Murray,SAC,"F,Flx",TRH,,2846,39.53,72,383,184,19,867,76,329,85,57,37,57,0,0,0,4,,,,,,,,
*05qym*,Kenyon Martin,PHI/DET/UTA,"F,Flx",FA,,2845,37.93,75,280,63,64,942,115,414,113,38,28,88,5,0,0,5,,,,,,,,
*031m0*,Kelly Olynyk,TOR/NO,"F,C,Flx",MylS,CHA 94<br/>@NO 98 F,2841,45.82,62,254,85,30,760,76,364,218,58,34,145,3,0,0,8,,,,,,,,
*03nwn*,Bobby Portis,MIL,"F,C,Flx",420,ATL 145<br/>@MIL 124 F,2833,44.97,63,358,74,24,862,139,598,98,26,14,73,7,0,0,34,,,,,,,,
*042nw*,Malcolm Brogdon,WAS,"G,Flx",Fent,,2827,45.6,62,341,122,21,907,39,262,228,40,17,91,0,0,0,0,,,,,,,,
*027pg*,Bojan Bogdanovic,BKN,"F,Flx",FA,,2824,47.86,59,452,145,35,"1,273",36,223,152,34,8,135,10,1,0,0,,,,,,,,
*03aq3*,Kyle Anderson,GS/MIA,"F,Flx",FA,,2820,45.48,62,214,38,35,573,56,330,291,72,54,92,7,1,3,9,,,,,,,,
*06212*,Jabari Smith,HOU,"F,C,Flx",Sar,HOU 148<br/>@PHO 109 F,2818,39.14,72,478,114,41,908,106,509,89,39,65,99,7,0,0,12,,,,,,,,
*04qse*,Gary Trent,MIL,"G,F,Flx",FA,ATL 145<br/>@MIL 124 F,2786,44.22,63,513,162,32,"1,116",29,167,100,103,14,53,2,0,0,0,,,,,,,,
*05qsq*,Tyrese Maxey,PHI,"G,Flx",Sar,TOR 127<br/>@PHI 109 F,2784,50.62,55,443,145,31,"1,120",22,160,194,43,7,74,0,0,0,0,,,,,,,,
*042nf*,Caris LeVert,CLE/ATL,"G,F,Flx",TRH,ATL 145<br/>@MIL 124 F,2769,39.56,70,405,115,46,839,52,268,273,69,20,113,3,0,0,1,,,,,,,,
*000zv*,Al Horford,BOS,"F,C,Flx",Fent,,2763,46.83,59,228,134,6,575,69,369,174,30,56,35,0,1,0,7,,,,,,,,
*05qtq*,Tre Jones,SA/CHI,"G,Flx",Tribunal,,2757,45.2,61,371,38,20,759,48,212,386,82,9,99,0,0,0,3,,,,,,,,
*04qrr*,Michael Porter,DEN,"F,Flx",15,,2743,48.12,57,374,172,21,988,55,310,61,37,27,63,2,1,0,2,,,,,,,,
*06214*,Jaden Ivey,DET,"G,Flx",FA,DET 104<br/>@MIN 123 F,2739,41.5,66,491,97,86,"1,018",66,255,326,55,17,201,4,0,0,7,,,,,,,,
*04ewk*,John Collins,UTA,"F,C,Flx",TRUMP,,2736,42.09,65,317,57,28,845,70,426,79,40,70,74,3,0,0,10,,,,,,,,
*031lv*,Kentavious Caldwell-Pope,ORL,"G,F,Flx",FA,,2719,38.3,71,315,127,21,780,33,198,176,103,31,79,5,0,0,0,,,,,,,,
*05qt0*,Saddiq Bey,WAS,"F,Flx",FA,,2688,38.4,70,445,139,33,970,81,322,102,60,13,67,1,0,0,3,,,,,,,,
*05qtj*,Deni Avdija,POR,"G,F,Flx",PRO,POR 93<br/>@NY 110 F,2684,36.77,73,303,66,40,657,74,468,197,61,28,110,1,0,0,10,,,,,,,,
*05qto*,LaMelo Ball,CHA,"G,Flx",J&J,CHA 94<br/>@NO 98 F,2677,74.36,36,425,144,20,838,42,231,304,46,11,129,6,1,3,17,,,,,,,,
*04qrl*,Wendell Carter,ORL,"F,C,Flx",FA,,2668,51.31,52,269,70,47,812,115,458,122,23,29,103,4,0,0,20,,,,,,,,
*049kc*,Malik Monk,SAC,"G,F,Flx",EE,,2655,37.39,71,404,130,22,956,32,187,274,44,19,136,5,3,0,0,,,,,,,,
*03e6n*,Jusuf Nurkic,PHO/CHA,"C,Flx",MylS,CHA 94<br/>@NO 98 F,2650,50.96,52,243,43,65,694,114,471,149,43,44,119,2,0,0,18,,,,,,,,
*0527l*,Luguentz Dort,OKC,"G,F,Flx",ROMO,,2642,38.85,68,490,129,48,929,108,302,146,69,22,86,1,0,0,4,,,,,,,,
*049s6*,Markelle Fultz,SAC,"G,Flx",FA,,2640,48.89,54,306,22,28,753,68,221,311,83,22,130,0,0,0,3,,,,,,,,
*04qru*,Donte DiVincenzo,MIN,"G,F,Flx",ROMO,DET 104<br/>@MIN 123 F,2619,39.68,66,282,138,9,602,68,286,219,85,10,99,0,0,0,3,,,,,,,,
*051pi*,Daniel Gafford,DAL,"F,C,Flx",FA,,2605,35.68,73,94,0,58,621,146,388,76,31,92,74,1,0,0,8,,,,,,,,
*0621g*,Tari Eason,HOU,"F,Flx",EE,HOU 148<br/>@PHO 109 F,2590,34.53,75,317,54,35,699,171,442,76,86,42,92,3,1,0,7,,,,,,,,
*03al1*,Marcus Smart,MEM/WAS,"G,Flx",FA,,2571,45.11,57,324,103,28,648,43,181,363,87,23,137,10,3,0,6,,,,,,,,
*042ne*,Malik Beasley,DET,"G,F,Flx",BabyOil,DET 104<br/>@MIN 123 F,2565,34.66,74,537,221,12,959,32,264,117,61,8,85,2,0,0,1,,,,,,,,
*05qt9*,Killian Hayes,BKN,"G,Flx",FA,,2555,37.57,68,446,72,15,666,22,188,420,96,24,152,3,1,0,6,,,,,,,,
*04qsd*,Mitchell Robinson,NY,"C,Flx",FA,POR 93<br/>@NY 110 F,2517,47.49,53,75,0,53,389,229,482,44,49,88,34,0,0,0,11,,,,,,,,
*0558t*,Max Strus,CLE,"G,F,Flx",FA,LAC 122<br/>@CLE 127 F,2506,34.33,73,440,181,10,868,47,244,159,42,11,64,4,0,0,2,,,,,,,,
*05qsl*,Patrick Williams,CHI,"F,Flx",FA,,2504,33.84,74,324,101,13,742,71,303,92,63,60,95,0,0,0,1,,,,,,,,
*03wr4*,T.J. McConnell,IND,"G,Flx",MylS,,2469,35.27,70,220,23,10,568,41,211,359,76,10,130,2,0,1,5,,,,,,,,
*04qry*,Grayson Allen,PHO,"G,F,Flx",MylS,HOU 148<br/>@PHO 109 F,2460,36.18,68,298,143,11,735,60,227,152,58,14,69,3,0,0,0,,,,,,,,
*0621c*,Jalen Duren,DET,"C,Flx",BabyOil,DET 104<br/>@MIN 123 F,2452,41.56,59,124,0,50,514,197,512,69,37,53,74,1,0,0,15,,,,,,,,
*06215*,Bennedict Mathurin,IND,"G,F,Flx",EE,,2452,34.54,71,484,92,68,"1,154",75,277,99,43,9,129,3,0,0,0,,,,,,,,
*031mb*,Tim Hardaway,DET,"G,F,Flx",FA,DET 104<br/>@MIN 123 F,2447,37.08,66,481,193,35,924,21,236,114,49,11,55,1,0,0,0,,,,,,,,
*04ewc*,Zach Collins,SA/CHI,"F,C,Flx",FA,,2445,40.75,60,244,52,33,682,109,378,168,34,43,122,4,2,0,8,,,,,,,,
*04exe*,Monte Morris,PHO,"G,Flx",FA,HOU 148<br/>@PHO 109 F,2434,40.57,60,258,76,13,613,25,204,312,41,11,60,0,0,0,2,,,,,,,,
*04fj8*,Chris Boucher,TOR,"F,C,Flx",FA,TOR 127<br/>@PHI 109 F,2420,35.07,69,241,57,38,650,150,396,28,45,60,37,1,0,0,9,,,,,,,,
*04jw5*,Torrey Craig,CHI/BOS,"F,Flx",FA,,2394,33.72,71,254,93,12,522,134,390,109,46,54,71,1,0,0,3,,,,,,,,
*0527h*,Naz Reid,MIN,"F,C,Flx",Fent,DET 104<br/>@MIN 123 F,2358,35.73,66,254,71,37,748,72,323,74,41,51,91,3,0,0,4,,,,,,,,
*051ok*,DeAndre Hunter,ATL/CLE,"F,Flx",EE,LAC 122<br/>@CLE 127 F,2345,36.64,64,425,98,36,994,44,271,92,34,17,80,1,0,0,1,,,,,,,,
*05uj4*,Santi Aldama,MEM,"F,C,Flx",Sar,,2323,32.72,71,261,89,34,644,77,335,89,41,45,52,2,0,0,4,,,,,,,,
*05qtl*,Cole Anthony,ORL,"G,Flx",BabyOil,,2316,42.11,55,306,68,17,709,42,257,212,34,29,80,3,0,0,1,,,,,,,,
*055qo*,Caleb Martin,PHI/DAL,"F,Flx",FA,,2279,35.61,64,271,82,21,637,80,317,105,63,30,70,2,1,0,2,,,,,,,,
*051pw*,Jalen McDaniels,(N/A),"F,Flx",FA,,2279,31.65,72,308,68,22,681,57,320,120,72,30,88,5,0,0,2,,,,,,,,
*0015b*,Kyle Lowry,PHI,"G,Flx",FA,TOR 127<br/>@PHI 109 F,2275,45.5,50,272,102,18,581,38,208,257,52,20,98,5,0,1,2,,,,,,,,
*04xdu*,Drew Eubanks,UTA/LAC,"C,Flx",FA,LAC 122<br/>@CLE 127 F,2271,31.54,72,86,3,36,440,114,372,89,35,86,58,3,0,0,2,,,,,,,,
*051p2*,Grant Williams,CHA,"F,C,Flx",FA,CHA 94<br/>@NO 98 F,2247,31.21,72,241,109,23,597,80,337,121,41,27,77,5,2,0,3,,,,,,,,
*031m4*,Dennis Schroder,BKN/GS/DET,"G,Flx",PRO,DET 104<br/>@MIN 123 F,2246,36.82,61,356,73,30,790,16,155,280,47,8,106,5,0,0,2,,,,,,,,
*051ps*,Terance Mann,LAC/ATL,"G,F,Flx",FA,ATL 145<br/>@MIL 124 F,2243,30.31,74,229,69,24,663,71,257,168,39,20,72,4,1,0,1,,,,,,,,
*04ex6*,Isaiah Hartenstein,OKC,"C,Flx",15,,2241,29.88,75,143,8,15,362,200,493,76,44,58,61,1,0,0,2,,,,,,,,
*051po*,Bol Bol,PHO,"F,C,Flx",FA,HOU 148<br/>@PHO 109 F,2237,33.39,67,192,29,24,605,66,387,61,27,82,106,1,0,0,6,,,,,,,,
*03nwk*,Kelly Oubre Jr.,PHI,"G,F,Flx",FA,TOR 127<br/>@PHI 109 F,2225,46.35,48,466,108,50,972,65,249,54,68,18,64,11,0,0,3,,,,,,,,
*0621u*,Andrew Nembhard,IND,"G,Flx",FA,,2194,32.26,68,309,84,10,603,30,177,279,62,13,108,2,0,0,3,,,,,,,,
*04qs9*,Jevon Carter,CHI,"G,Flx",FA,,2177,29.42,74,292,123,7,582,33,189,176,64,28,74,2,0,0,1,,,,,,,,
*042n1*,Brandon Ingram,NO/TOR,"G,F,Flx",FA,TOR 127<br/>@PHI 109 F,2175,58.78,37,352,59,25,884,14,185,200,24,15,116,1,0,1,3,,,,,,,,
*05uus*,Austin Reaves,LAL,"G,F,Flx",PRO,,2153,37.77,57,206,71,32,699,31,173,181,31,19,88,1,0,0,1,,,,,,,,
*05ujc*,Ayo Dosunmu,CHI,"G,F,Flx",FA,,2147,29.82,72,259,57,15,640,43,203,191,54,25,94,0,0,0,0,,,,,,,,
*031lz*,Steven Adams,HOU,"C,Flx",FA,HOU 148<br/>@PHO 109 F,2139,50.93,42,106,0,82,361,214,485,97,36,46,79,2,0,0,15,,,,,,,,
*04ex8*,Dillon Brooks,HOU,"G,F,Flx",TRH,HOU 148<br/>@PHO 109 F,2137,31.9,67,546,128,29,942,41,217,173,58,14,94,18,2,0,0,,,,,,,,
*01uz7*,Gordon Hayward,(N/A),"F,Flx",FA,,2135,42.7,50,305,52,30,733,33,215,206,42,12,99,0,0,0,2,,,,,,,,
*05uj9*,Herbert Jones,NO,"F,Flx",FA,CHA 94<br/>@NO 98 F,2133,36.78,58,236,43,37,546,85,232,137,95,34,76,4,0,0,0,,,,,,,,
*005kf*,Eric Gordon,PHI,"G,F,Flx",FA,TOR 127<br/>@PHI 109 F,2133,33.86,63,334,117,31,787,16,126,171,40,24,97,0,0,0,0,,,,,,,,
*03r7z*,Norman Powell,LAC,"G,F,Flx",Sar,LAC 122<br/>@CLE 127 F,2130,39.44,54,331,109,47,899,20,158,95,42,17,89,3,0,0,0,,,,,,,,
*05uiz*,Quentin Grimes,DAL/PHI,"G,F,Flx",15,TOR 127<br/>@PHI 109 F,2118,33.09,64,274,125,17,649,44,198,123,39,26,62,0,0,0,0,,,,,,,,
*005l0*,Nicolas Batum,LAC,"F,Flx",FA,LAC 122<br/>@CLE 127 F,2069,29.14,71,200,111,14,434,59,277,106,48,41,47,0,0,0,0,,,,,,,,
*031mc*,Reggie Bullock,(N/A),"F,Flx",FA,,2049,28.46,72,256,142,11,524,32,265,98,53,13,32,3,0,0,1,,,,,,,,
*05qzh*,Naji Marshall,DAL,"G,F,Flx",420,,2032,29.45,69,301,65,33,657,44,257,173,50,13,89,7,0,0,0,,,,,,,,
*05qub*,Isaiah Stewart,DET,"C,Flx",FA,DET 104<br/>@MIN 123 F,2029,40.58,50,246,67,39,567,115,403,70,20,34,68,5,0,0,13,,,,,,,,
*05qt4*,Aaron Nesmith,IND,"F,Flx",15,,2024,30.67,66,304,99,18,653,55,251,86,49,29,71,2,0,0,1,,,,,,,,
*05uip*,Corey Kispert,WAS,"G,F,Flx",FA,,2017,30.1,67,249,137,11,688,29,187,81,31,8,51,0,0,0,0,,,,,,,,
*027oy*,Marcus Morris,(N/A),"F,Flx",FA,,2013,30.97,65,369,112,19,728,29,258,114,42,21,56,10,2,0,2,,,,,,,,
*03e6u*,Bogdan Bogdanovic,ATL/LAC,"G,F,Flx",FA,LAC 122<br/>@CLE 127 F,2000,40.82,49,314,130,13,681,20,152,135,40,18,61,1,0,0,0,,,,,,,,
*051p1*,Brandon Clarke,MEM,"F,C,Flx",FA,,1998,35.68,56,120,1,38,558,92,310,72,34,37,55,2,0,0,6,,,,,,,,
*05qty*,Jalen Smith,CHI,"F,C,Flx",FA,,1997,31.7,63,244,48,29,571,115,356,61,18,54,67,1,0,0,6,,,,,,,,
*051on*,Coby White,CHI,"G,Flx",DBD,,1990,30.15,66,293,115,9,611,15,181,163,50,6,60,1,0,0,0,,,,,,,,
*0496e*,Alex Caruso,OKC,"G,Flx",PRO,,1988,32.59,61,145,50,14,345,38,182,181,93,38,74,0,0,0,1,,,,,,,,
*03r7u*,Josh Richardson,MIA,"G,Flx",FA,,1985,34.82,57,294,98,12,615,39,156,167,65,18,79,4,1,0,1,,,,,,,,
*03r7l*,Larry Nance,ATL,"F,C,Flx",FA,ATL 145<br/>@MIL 124 F,1979,34.72,57,107,14,23,404,96,318,105,51,34,37,4,0,0,3,,,,,,,,
*051oh*,Zion Williamson,NO,"F,C,Flx",BabyOil,CHA 94<br/>@NO 98 F,1977,68.17,29,184,7,71,754,58,202,133,32,16,99,2,0,0,5,,,,,,,,
*043ib*,Dorian Finney-Smith,BKN/LAL,"F,C,Flx",FA,,1969,32.28,61,285,102,13,499,108,290,92,52,30,59,1,0,0,1,,,,,,,,
*03e79*,Dwight Powell,DAL,"C,Flx",FA,,1950,27.86,70,71,0,52,488,140,299,63,48,25,62,0,0,0,1,,,,,,,,
*04qrs*,Troy Brown,(N/A),"F,Flx",FA,,1943,28.16,69,249,100,4,511,59,285,86,53,15,48,1,0,0,2,,,,,,,,
*05qtd*,Nick Richards,CHA/PHO,"C,Flx",FA,HOU 148<br/>@PHO 109 F,1940,32.33,60,109,0,41,478,138,376,34,10,65,54,2,0,0,12,,,,,,,,
*05qsp*,Isaiah Joe,OKC,"G,Flx",FA,,1927,28.76,67,245,149,12,607,24,158,80,42,8,31,0,0,0,0,,,,,,,,
*05qtr*,Devin Vassell,SA,"G,F,Flx",PRO,GS 148<br/>@SA 106 F,1923,50.61,38,334,103,22,703,8,148,136,43,17,57,0,0,0,0,,,,,,,,
*06218*,Jeremy Sochan,SA,"F,Flx",ROMO,GS 148<br/>@SA 106 F,1919,34.27,56,302,33,35,614,95,295,142,43,23,97,2,0,0,2,,,,,,,,
*02ym0*,Andrew Wiggins,GS/MIA,"F,Flx",J&J,,1904,51.46,37,279,89,28,633,61,186,85,45,28,48,0,0,0,3,,,,,,,,
*049s5*,Dennis Smith,(N/A),"G,Flx",FA,,1900,35.19,54,266,24,28,474,27,167,261,75,25,82,5,0,0,1,,,,,,,,
*04ex5*,Thomas Bryant,MIA/IND,"C,Flx",FA,,1871,32.82,57,133,24,33,563,85,328,31,16,28,37,1,0,0,9,,,,,,,,
*03lg1*,Ben Simmons,BKN/LAC,"G,C,Flx",FA,LAC 122<br/>@CLE 127 F,1840,43.81,42,102,0,32,291,40,263,256,54,24,97,5,1,1,4,,,,,,,,
*027ov*,Alec Burks,MIA,"G,Flx",FA,,1839,36.06,51,259,99,35,652,19,158,114,38,8,58,0,0,0,0,,,,,,,,
*04qsu*,Shake Milton,BKN/LAL,"G,Flx",FA,,1824,26.06,70,230,53,16,584,34,174,201,22,12,83,2,0,0,1,,,,,,,,
*05qsk*,Isaac Okoro,CLE,"G,F,Flx",FA,LAC 122<br/>@CLE 127 F,1816,23.89,76,179,62,25,490,52,187,87,56,30,42,0,0,0,0,,,,,,,,
*01ens*,Patrick Beverley,(N/A),"G,Flx",FA,,1816,30.27,60,194,72,18,379,43,229,175,50,36,56,10,1,0,2,,,,,,,,
*005kd*,Kevin Love,MIA,"F,Flx",FA,,1813,32.38,56,234,90,10,461,56,370,106,13,10,65,0,0,0,6,,,,,,,,
*05uul*,Jose Alvarado,NO,"G,Flx",TRH,CHA 94<br/>@NO 98 F,1809,29.66,61,288,83,15,550,28,141,186,67,10,81,3,1,0,0,,,,,,,,
*03r7h*,Delon Wright,MIL/NY,"G,Flx",FA,POR 93<br/>@NY 110 F,1799,39.11,46,135,37,5,321,54,154,177,85,17,41,0,0,0,0,,,,,,,,
*04qsb*,Devonte Graham,(N/A),"G,Flx",FA,,1798,26.06,69,252,112,28,504,19,114,184,42,15,49,0,0,0,0,,,,,,,,
*04t8w*,Kenrich Williams,OKC,"F,Flx",FA,,1785,33.68,53,167,50,22,425,97,261,105,45,14,32,3,0,0,2,,,,,,,,
*03r7m*,Cedi Osman,(N/A),"F,Flx",FA,,1773,24.97,71,275,106,31,623,23,164,106,33,10,47,0,0,0,1,,,,,,,,
*04qs2*,Moritz Wagner,ORL,"C,Flx",FA,,1771,34.06,52,189,48,28,576,67,245,81,37,10,61,2,1,0,3,,,,,,,,
*051pq*,Talen Horton-Tucker,CHI,"G,Flx",FA,,1766,29.43,60,296,47,32,558,33,182,211,37,28,111,0,0,0,2,,,,,,,,
*027p9*,Reggie Jackson,PHI,"G,Flx",FA,,1765,28.47,62,346,88,7,627,24,130,213,43,6,107,1,0,0,1,,,,,,,,
*05uih*,Jonathan Kuminga,GS,"F,C,Flx",DBD,GS 148<br/>@SA 106 F,1748,28.66,61,221,48,42,588,62,202,112,37,27,89,4,0,0,1,,,,,,,,
*03e6z*,Joe Harris,(N/A),"G,F,Flx",FA,,1746,25.68,68,223,131,9,522,23,157,95,31,13,39,0,0,0,0,,,,,,,,
*0484l*,Damion Lee,PHO,"G,Flx",FA,HOU 148<br/>@PHO 109 F,1745,24.93,70,240,107,10,583,35,215,98,30,7,74,6,0,0,0,,,,,,,,
*05293*,John Konchar,MEM,"G,Flx",FA,,1742,26.39,66,170,59,6,338,55,278,87,68,19,36,0,0,0,2,,,,,,,,
*03ad5*,Trey Lyles,SAC,"F,Flx",FA,,1715,25.98,66,188,78,22,514,58,256,62,23,28,56,4,1,0,1,,,,,,,,
*051pn*,Jaylen Nowell,NO/WAS,"G,Flx",FA,,1711,26.73,64,340,66,21,690,34,166,131,42,5,64,4,0,0,0,,,,,,,,
*04qso*,Keita Bates-Diop,(N/A),"F,Flx",FA,,1710,28.5,60,193,45,26,528,60,214,84,41,16,47,0,0,0,0,,,,,,,,
*042o9*,Georges Niang,CLE/ATL,"F,Flx",FA,ATL 145<br/>@MIL 124 F,1706,24.03,71,257,141,6,579,18,169,73,26,12,48,3,0,0,0,,,,,,,,
*06216*,Shaedon Sharpe,POR,"G,F,Flx",Fent,POR 93<br/>@NY 110 F,1703,23.33,73,266,82,24,629,56,193,61,33,21,62,2,0,0,0,,,,,,,,
*03r7v*,Pat Connaughton,MIL,"G,F,Flx",FA,ATL 145<br/>@MIL 124 F,1699,30.34,56,246,106,14,451,45,271,74,37,11,32,0,0,0,2,,,,,,,,
*05qtf*,Xavier Tillman,BOS,"F,C,Flx",FA,,1685,30.64,55,104,4,36,365,104,262,84,52,25,39,0,0,0,4,,,,,,,,
*05g3q*,Gabe Vincent,LAL,"G,Flx",FA,,1682,27.57,61,308,104,8,574,24,128,148,56,4,89,0,0,0,0,,,,,,,,
*02nf9*,Andre Drummond,PHI,"C,Flx",EE,TOR 127<br/>@PHI 109 F,1679,27.52,61,100,0,50,367,127,406,32,41,23,72,2,0,0,8,,,,,,,,
*04qrx*,Josh Okogie,PHO/CHA,"G,F,Flx",FA,CHA 94<br/>@NO 98 F,1665,26.02,64,218,56,43,457,96,212,91,48,31,59,1,0,0,2,,,,,,,,
*04qrm*,Collin Sexton,UTA,"G,Flx",DBD,,1648,35.06,47,224,48,35,670,37,104,135,27,6,84,0,0,0,1,,,,,,,,
*05uiw*,Isaiah Jackson,IND,"F,C,Flx",FA,,1642,29.32,56,114,2,42,391,93,237,45,27,79,42,3,0,0,5,,,,,,,,
*0621f*,AJ Griffin,(N/A),"F,Flx",FA,,1621,24.19,67,263,91,4,589,33,140,67,40,12,37,0,0,0,0,,,,,,,,
*051op*,Rui Hachimura,LAL,"F,Flx",BabyOil,,1620,28.93,56,270,49,27,633,43,242,50,18,21,49,0,0,0,1,,,,,,,,
*051or*,Cameron Johnson,BKN,"F,Flx",PRO,,1615,44.86,36,220,90,18,538,28,152,62,41,12,28,0,0,0,1,,,,,,,,
*05uug*,Sam Hauser,BOS,"F,Flx",FA,,1609,22.04,73,191,123,5,447,33,184,55,24,19,24,0,0,0,0,,,,,,,,
*05qti*,Josh Green,CHA,"G,F,Flx",FA,CHA 94<br/>@NO 98 F,1583,28.78,55,168,64,26,515,50,160,96,41,4,68,3,0,0,1,,,,,,,,
*03avi*,Doug McDermott,SAC,"F,Flx",FA,,1581,25.5,62,272,119,16,622,21,135,90,13,6,58,0,0,0,0,,,,,,,,
*05uj0*,Bones Hyland,LAC/ATL/MIN,"G,Flx",FA,DET 104<br/>@MIN 123 F,1551,31.65,49,299,103,14,577,17,110,147,32,14,76,7,0,0,1,,,,,,,,
*05uif*,Jalen Suggs,ORL,"G,Flx",FA,,1543,33.54,46,221,54,30,451,49,135,143,60,23,82,4,1,0,0,,,,,,,,
*04qrv*,Lonnie Walker,PHI,"G,Flx",FA,TOR 127<br/>@PHI 109 F,1523,28.74,53,288,89,15,646,14,107,63,30,16,46,0,0,0,0,,,,,,,,
*05uuq*,Jock Landale,HOU,"C,Flx",FA,HOU 148<br/>@PHO 109 F,1520,23.38,65,148,20,24,422,112,260,62,16,30,56,0,0,0,2,,,,,,,,
*05qvg*,Anthony Lamb,(N/A),"F,Flx",FA,,1492,26.64,56,156,72,13,391,50,195,90,26,17,49,1,0,0,0,,,,,,,,
*05ux3*,Jordan Goodwin,LAL,"G,Flx",FA,,1489,27.07,55,152,31,15,335,49,173,130,49,23,46,1,0,0,0,,,,,,,,
*05uuv*,Trendon Watford,BKN,"F,Flx",FA,,1470,25.79,57,120,22,22,385,40,219,116,31,9,65,0,0,0,3,,,,,,,,
*04ewd*,Luke Kennard,MEM,"G,Flx",FA,,1469,27.72,53,171,110,2,456,12,131,74,29,4,41,1,0,0,0,,,,,,,,
*03ad3*,Karl-Anthony Towns,NY,"F,C,Flx",BabyOil,POR 93<br/>@NY 110 F,1467,63.78,23,171,44,12,472,36,181,117,20,14,71,4,0,0,8,,,,,,,,
*038ia*,Seth Curry,CHA,"G,Flx",FA,CHA 94<br/>@NO 98 F,1466,26.65,55,229,90,1,529,13,96,96,35,7,49,1,0,0,0,,,,,,,,
*0621j*,Malaki Branham,SA,"G,Flx",FA,GS 148<br/>@SA 106 F,1454,24.64,59,288,66,10,558,27,157,115,29,7,70,0,0,0,0,,,,,,,,
*05qtm*,Precious Achiuwa,NY,"F,C,Flx",FA,POR 93<br/>@NY 110 F,1451,30.23,48,180,21,37,426,88,282,46,26,27,53,2,0,0,9,,,,,,,,
*05uij*,Davion Mitchell,TOR/MIA,"G,Flx",FA,,1450,19.86,73,198,58,6,415,14,98,165,38,13,56,0,0,0,0,,,,,,,,
*049sa*,Hamidou Diallo,(N/A),"G,Flx",FA,,1435,25.62,56,160,5,61,522,57,194,55,53,16,71,5,1,0,0,,,,,,,,
*05uix*,Usman Garuba,(N/A),"F,Flx",FA,,1433,21.07,68,79,24,18,214,113,291,61,42,27,45,3,0,0,0,,,,,,,,
*04vu2*,Wenyen Gabriel,(N/A),"F,Flx",FA,,1432,23.48,61,98,10,32,354,111,262,32,23,32,42,0,0,0,0,,,,,,,,
*03r7e*,Cameron Payne,NY,"G,Flx",FA,POR 93<br/>@NY 110 F,1421,33.83,42,239,64,15,450,12,98,197,31,8,78,2,0,0,3,,,,,,,,
*0621e*,Mark Williams,CHA/LAL,"C,Flx",TRUMP,CHA 94<br/>@NO 98 F,1401,35.92,39,77,0,28,332,81,261,18,25,41,34,0,0,0,8,,,,,,,,
*05uiu*,Jalen Johnson,ATL,"F,Flx",FA,ATL 145<br/>@MIL 124 F,1385,21.64,64,142,26,23,331,47,250,65,29,27,31,1,0,0,1,,,,,,,,
*02nf8*,Terrence Ross,(N/A),"G,Flx",FA,,1380,25.09,55,228,90,7,478,16,125,76,33,8,41,0,0,0,0,,,,,,,,
*05qt6*,Jordan Nwora,(N/A),"F,Flx",FA,,1377,25.04,55,203,71,14,440,43,191,72,23,12,56,0,0,0,0,,,,,,,,
*05ujt*,Aaron Wiggins,OKC,"G,F,Flx",EE,,1376,21.84,63,159,40,12,400,62,191,73,33,12,51,0,0,0,1,,,,,,,,
*04qs4*,Robert Williams,POR,"C,Flx",FA,POR 93<br/>@NY 110 F,1375,44.35,31,41,0,13,257,93,264,44,17,38,28,2,0,0,6,,,,,,,,
*049ki*,Marvin Bagley,WAS/MEM,"F,C,Flx",FA,,1373,38.14,36,152,14,23,431,90,241,29,17,28,40,1,0,0,8,,,,,,,,
*05uis*,Tre Mann,CHA,"G,Flx",FA,CHA 94<br/>@NO 98 F,1348,21.74,62,290,78,13,481,26,140,106,36,11,57,0,0,0,0,,,,,,,,
*03927*,JaMychal Green,(N/A),"F,Flx",FA,,1346,24.04,56,115,42,15,364,72,204,50,25,22,52,3,0,0,0,,,,,,,,
*051p0*,Matisse Thybulle,POR,"G,F,Flx",FA,POR 93<br/>@NY 110 F,1344,20.06,67,129,50,8,272,38,128,49,77,28,21,1,0,0,0,,,,,,,,
*049kf*,Mo Bamba,LAC/UTA/NO,"C,Flx",FA,,1340,28.51,47,122,48,21,321,56,221,46,13,42,30,2,1,0,2,,,,,,,,
*02q81*,P.J. Tucker,LAC/UTA/TOR/NY,"F,Flx",FA,POR 93<br/>@NY 110 F,1331,19.29,69,116,48,4,237,89,276,56,39,15,41,6,0,0,0,,,,,,,,
*027pf*,Cory Joseph,ORL,"G,Flx",FA,,1324,24.52,54,161,50,13,344,14,86,182,29,8,48,0,0,0,0,,,,,,,,
*031lp*,Victor Oladipo,(N/A),"G,Flx",FA,,1305,34.34,38,213,56,17,384,16,121,129,52,11,74,0,0,0,0,,,,,,,,
*02ng3*,Khris Middleton,MIL/WAS,"F,Flx",FA,,1295,44.66,29,200,46,9,431,23,123,145,23,5,66,1,0,0,4,,,,,,,,
*03apx*,Gary Harris,ORL,"G,Flx",FA,,1290,29.32,44,153,90,3,383,20,88,54,45,10,27,2,0,0,0,,,,,,,,
*027oq*,Bismack Biyombo,SA,"C,Flx",FA,GS 148<br/>@SA 106 F,1258,23.3,54,72,0,43,216,71,224,51,16,73,48,1,0,0,3,,,,,,,,
*042n8*,Taurean Prince,MIL,"F,Flx",FA,ATL 145<br/>@MIL 124 F,1257,25.65,49,171,67,9,441,13,117,81,26,15,65,3,1,0,0,,,,,,,,
*031mu*,Mike Muscala,(N/A),"C,Flx",FA,,1237,22.09,56,144,73,9,333,29,175,42,15,23,19,1,0,0,0,,,,,,,,
*056aq*,Terence Davis,SAC,"G,Flx",FA,,1235,21.29,58,180,78,7,384,19,132,61,40,12,47,4,0,0,0,,,,,,,,
*03kqi*,Joe Ingles,MIN,"F,Flx",FA,DET 104<br/>@MIN 123 F,1213,30.32,40,123,73,3,285,13,121,128,27,5,47,4,0,0,1,,,,,,,,
*01sc8*,John Wall,(N/A),"G,Flx",FA,,1186,34.88,34,200,33,36,386,14,92,178,27,12,80,2,0,0,1,,,,,,,,
*05uj1*,Cameron Thomas,BKN,"G,F,Flx",FA,,1180,22.26,53,237,45,23,556,8,91,77,19,6,58,0,0,0,0,,,,,,,,
*05qst*,Paul Reed,DET,"F,C,Flx",FA,DET 104<br/>@MIN 123 F,1172,19.21,61,69,0,11,216,88,210,20,37,42,37,0,0,0,4,,,,,,,,
*0621m*,David Roddy,ATL/PHI/HOU,"F,Flx",FA,HOU 148<br/>@PHO 109 F,1167,18.82,62,203,55,24,410,41,161,43,28,16,50,0,0,0,0,,,,,,,,
*059ca*,Oshae Brissett,PHI,"F,Flx",FA,,1155,19.91,58,163,45,34,342,55,197,34,30,11,26,1,0,0,1,,,,,,,,
*0018r*,Thaddeus Young,(N/A),"F,Flx",FA,,1149,21.28,54,90,6,8,240,71,166,75,54,5,42,0,0,0,0,,,,,,,,
*051ox*,Nickeil Alexander-Walker,MIN,"G,F,Flx",PRO,DET 104<br/>@MIN 123 F,1144,22,52,149,55,19,335,13,95,102,30,19,52,3,0,0,0,,,,,,,,
*04jwb*,Luke Kornet,BOS,"C,Flx",FA,,1144,18.45,62,45,3,7,233,78,174,42,10,44,24,1,0,0,0,,,,,,,,
*05qud*,Aleksej Pokusevski,(N/A),"F,Flx",FA,,1144,36.9,31,136,38,12,273,45,157,62,20,41,41,0,0,0,3,,,,,,,,
*03acy*,Dario Saric,DEN,"F,C,Flx",FA,,1142,21.55,53,141,40,11,335,48,191,72,18,5,54,1,0,0,1,,,,,,,,
*051p4*,Ty Jerome,CLE,"G,Flx",ROMO,LAC 122<br/>@CLE 127 F,1120,25.45,44,124,35,3,309,7,78,135,23,5,30,0,0,0,0,,,,,,,,
*0621x*,Jaylin Williams,OKC,"F,C,Flx",FA,,1118,26,43,120,39,14,256,34,207,63,22,12,32,0,0,0,0,,,,,,,,
*04xhy*,Yuta Watanabe,(N/A),"F,Flx",FA,,1118,21.5,52,106,54,12,299,28,131,44,25,15,20,0,0,0,0,,,,,,,,
*038xi*,Robert Covington,(N/A),"F,Flx",FA,,1116,26.57,42,118,44,9,247,27,143,50,34,30,24,0,0,0,0,,,,,,,,
*06217*,Dyson Daniels,ATL,"G,F,Flx",TRUMP,ATL 145<br/>@MIL 124 F,1113,21.4,52,109,22,14,197,30,167,124,40,11,53,0,0,0,0,,,,,,,,
*02ng4*,Will Barton,(N/A),"G,Flx",FA,,1099,21.13,52,209,57,10,340,13,129,107,24,12,48,0,0,0,0,,,,,,,,
*05qsx*,Obi Toppin,IND,"F,Flx",FA,,1094,18.23,60,194,64,8,367,26,166,45,17,10,32,0,0,0,0,,,,,,,,
*048zt*,Derrick Jones,LAC,"F,Flx",FA,LAC 122<br/>@CLE 127 F,1093,19.18,57,99,22,18,289,53,136,33,23,34,22,0,0,0,0,,,,,,,,
*04qsp*,Chimezie Metu,(N/A),"C,Flx",FA,,1090,17.87,61,83,9,14,295,45,184,40,21,21,29,2,1,0,0,,,,,,,,
*05ujw*,Jericho Sims,NY/MIL,"C,Flx",FA,ATL 145<br/>@MIL 124 F,1084,22.12,49,24,0,4,172,93,232,24,15,28,26,0,0,0,2,,,,,,,,
*051p5*,Nassir Little,(N/A),"F,Flx",FA,,1078,21.14,51,147,55,12,335,26,136,47,17,19,31,1,0,0,0,,,,,,,,
*05qu1*,James Wiseman,IND,"C,Flx",FA,,1074,29.03,37,112,4,24,358,58,212,24,6,22,42,2,0,0,5,,,,,,,,
*0621k*,Christian Braun,DEN,"G,F,Flx",MylS,,1067,15.69,68,115,29,18,281,39,151,51,30,16,29,0,0,0,0,,,,,,,,
*051oq*,Cam Reddish,LAL/CHA,"G,F,Flx",FA,,1066,27.33,39,169,45,11,376,18,87,57,39,14,46,1,0,0,0,,,,,,,,
*05ujr*,Charles Bassey,SA,"C,Flx",FA,GS 148<br/>@SA 106 F,1061,30.31,35,48,3,15,199,75,193,47,16,33,41,0,0,0,0,,,,,,,,
*05ujg*,Isaiah Livers,(N/A),"F,Flx",FA,,1055,22.45,47,151,64,7,300,24,120,36,27,25,26,1,0,0,1,,,,,,,,
*05uj6*,Jeremiah Robinson-Earl,NO,"F,C,Flx",FA,CHA 94<br/>@NO 98 F,1046,26.82,39,122,34,7,275,68,167,38,22,11,18,0,0,0,1,,,,,,,,
*001ax*,Jeff Green,HOU,"F,Flx",FA,HOU 148<br/>@PHO 109 F,1039,20.78,50,146,26,26,388,32,124,57,17,15,42,3,0,0,0,,,,,,,,
*05qsj*,Lamar Stevens,MEM,"F,Flx",FA,,1024,18.29,56,136,27,14,300,41,178,30,23,15,24,0,0,0,1,,,,,,,,
*04exc*,Vlatko Cancar,DEN,"F,Flx",FA,,1023,19.3,53,106,42,2,276,22,117,73,18,12,33,0,0,0,1,,,,,,,,
*05uue*,Ishmail Wainright,(N/A),"F,Flx",FA,,1021,18.91,54,127,51,4,230,43,120,50,37,18,21,0,0,0,0,,,,,,,,
*0621d*,Ochai Agbaji,TOR,"G,F,Flx",FA,TOR 127<br/>@PHI 109 F,1014,19.88,51,152,65,12,346,36,98,46,14,11,26,0,0,0,0,,,,,,,,
*04exf*,Edmond Sumner,(N/A),"G,Flx",FA,,1002,20.45,49,141,31,7,366,12,75,68,31,9,46,1,0,0,0,,,,,,,,
*05uin*,Chris Duarte,CHI,"G,Flx",FA,,971,21.11,46,210,55,11,362,19,115,64,25,9,41,2,0,0,0,,,,,,,,
*04yk1*,Haywood Highsmith,MIA,"F,Flx",FA,,970,19.4,50,113,36,14,218,50,170,35,34,15,37,0,0,0,2,,,,,,,,
*04xgj*,Kendrick Nunn,(N/A),"G,Flx",FA,,964,15.3,63,216,63,5,403,12,88,70,23,3,53,2,0,0,0,,,,,,,,
*03byg*,Montrezl Harrell,(N/A),"C,Flx",FA,,961,18.48,52,75,0,26,283,61,141,31,16,25,31,1,0,0,0,,,,,,,,
*0015a*,Rudy Gay,(N/A),"F,Flx",FA,,947,16.91,56,178,33,7,293,33,163,57,19,18,37,2,0,0,0,,,,,,,,
*005lm*,Goran Dragic,(N/A),"G,Flx",FA,,944,18.51,51,172,45,14,326,13,69,139,11,4,56,2,0,0,0,,,,,,,,
*0621w*,Christian Koloko,LAL,"C,Flx",FA,,937,18.02,52,73,1,19,163,77,158,26,19,55,18,2,1,0,0,,,,,,,,
*03nwi*,Justise Winslow,(N/A),"F,Flx",FA,,928,32,29,117,14,8,196,49,145,98,30,11,43,2,0,0,1,,,,,,,,
*03r7p*,Willy Hernangomez,(N/A),"C,Flx",FA,,924,24.97,37,79,3,23,258,58,177,32,17,13,39,0,0,0,2,,,,,,,,
*04qs3*,Landry Shamet,NY,"G,Flx",FA,POR 93<br/>@NY 110 F,905,26.62,34,164,68,5,316,9,55,73,23,5,34,1,0,0,0,,,,,,,,
*05uj3*,DayRon Sharpe,BKN,"C,Flx",FA,,903,22.02,41,68,6,14,196,84,170,33,12,28,40,0,0,0,2,,,,,,,,
*04jw4*,Maxi Kleber,DAL/LAL,"F,Flx",FA,,903,27.36,33,83,36,11,202,29,125,43,11,29,20,0,0,0,0,,,,,,,,
*049kh*,Kevin Knox,GS,"F,Flx",FA,GS 148<br/>@SA 106 F,902,16.4,55,116,50,7,287,25,132,18,16,12,33,0,0,0,0,,,,,,,,
*05qve*,JaeSean Tate,HOU,"F,Flx",FA,HOU 148<br/>@PHO 109 F,883,28.48,31,119,13,19,283,41,118,84,21,7,47,5,0,0,0,,,,,,,,
*005ll*,George Hill,(N/A),"G,Flx",FA,,875,20.83,42,84,28,12,204,14,80,101,24,6,32,0,0,0,0,,,,,,,,
*04qs0*,Aaron Holiday,HOU,"G,Flx",FA,HOU 148<br/>@PHO 109 F,866,14.93,58,116,33,5,228,22,69,79,32,11,32,0,0,0,0,,,,,,,,
*02nfa*,Austin Rivers,(N/A),"G,Flx",FA,,864,16.62,52,118,43,9,255,5,83,75,28,4,23,3,1,0,0,,,,,,,,
*051ou*,Romeo Langford,PHI,"G,Flx",FA,,855,22.5,38,123,15,16,274,54,105,46,21,13,24,0,0,0,0,,,,,,,,
*051p3*,Darius Bazley,(N/A),"F,Flx",FA,,847,20.66,41,92,19,30,204,30,128,36,21,31,25,1,0,0,0,,,,,,,,
*06220*,Jaden Hardy,DAL,"G,Flx",FA,,845,20.61,41,157,52,12,349,7,71,49,14,5,37,0,0,0,0,,,,,,,,
*05qsr*,Theo Maledon,(N/A),"G,Flx",FA,,843,22.18,38,101,21,7,206,10,92,95,28,6,36,0,0,0,0,,,,,,,,
*05vyx*,Daishen Nix,MIN,"G,Flx",FA,,840,16.47,51,145,39,12,219,17,93,126,30,6,79,2,0,0,0,,,,,,,,
*051oo*,Jaxson Hayes,LAL,"C,Flx",Sar,,838,18.62,45,67,3,25,231,39,129,34,20,19,30,1,0,0,0,,,,,,,,
*0529c*,Dean Wade,CLE,"F,Flx",FA,LAC 122<br/>@CLE 127 F,834,21.38,39,90,38,8,177,16,130,32,24,18,14,0,0,0,0,,,,,,,,
*05quh*,Zeke Nnaji,DEN,"F,C,Flx",FA,,818,17.4,47,66,13,19,234,57,115,13,15,21,22,0,0,0,1,,,,,,,,
*05uio*,Moses Moody,GS,"G,Flx",FA,GS 148<br/>@SA 106 F,814,14.03,58,111,42,16,258,26,95,46,18,6,32,0,0,0,0,,,,,,,,
*03bxn*,T.J. Warren,(N/A),"F,Flx",FA,,813,21.97,37,122,20,7,293,20,103,31,20,9,19,1,0,0,0,,,,,,,,
*005l3*,DeAndre Jordan,DEN,"C,Flx",FA,,794,22.69,35,22,1,23,169,41,168,31,8,22,42,2,0,0,1,,,,,,,,
*04xhz*,Jordan McLaughlin,SAC/SA,"G,Flx",FA,GS 148<br/>@SA 106 F,783,21.16,37,75,19,3,142,15,54,120,31,3,29,0,0,0,0,,,,,,,,
*05uiy*,Josh Christopher,MIA,"G,Flx",FA,,774,13.58,57,146,20,12,304,15,61,61,25,13,50,0,0,0,0,,,,,,,,
*05ujb*,JT Thor,CLE/WAS,"F,Flx",FA,,766,12.16,63,109,29,12,202,33,123,27,22,19,30,0,0,0,0,,,,,,,,
*05qt5*,R.J. Hampton,PHI,"G,Flx",FA,TOR 127<br/>@PHI 109 F,730,18.72,39,103,33,15,244,15,64,47,24,6,35,0,0,0,0,,,,,,,,
*03nwj*,Stanley Johnson,(N/A),"F,Flx",FA,,724,24.13,30,57,18,13,174,22,95,67,16,6,33,1,0,0,0,,,,,,,,
*05uja*,Miles McBride,NY,"G,Flx",J&J,POR 93<br/>@NY 110 F,720,12.41,58,121,38,12,200,13,47,64,34,7,22,0,0,0,0,,,,,,,,
*01enn*,Blake Griffin,(N/A),"F,Flx",FA,,713,20.37,35,60,20,10,152,37,128,46,12,6,17,1,0,0,0,,,,,,,,
*0558v*,Javonte Green,NO/CLE,"G,F,Flx",FA,LAC 122<br/>@CLE 127 F,708,23.6,30,44,13,14,164,26,84,23,23,21,20,0,0,0,0,,,,,,,,
*05qsn*,Malachi Flynn,CHA,"G,Flx",FA,,704,14.37,49,144,45,8,222,15,71,65,19,4,23,0,0,0,0,,,,,,,,
*052fs*,Garrison Mathews,ATL,"G,F,Flx",FA,ATL 145<br/>@MIL 124 F,697,13.67,51,118,59,5,238,10,69,25,24,4,19,3,1,0,0,,,,,,,,
*05ujs*,Sandro Mamukelashvili,SA,"F,Flx",FA,GS 148<br/>@SA 106 F,678,18.83,36,94,21,13,171,45,129,41,9,9,21,0,0,0,0,,,,,,,,
*051pe*,Bruno Fernando,TOR,"C,Flx",FA,,675,19.29,35,47,0,14,130,49,124,31,6,31,22,1,0,0,0,,,,,,,,
*0621n*,MarJon Beauchamp,MIL/LAC/NY,"F,Flx",FA,POR 93<br/>@NY 110 F,669,14.87,45,128,40,10,235,34,97,27,18,4,37,0,0,0,0,,,,,,,,
*01eog*,Patty Mills,UTA/LAC,"G,Flx",FA,LAC 122<br/>@CLE 127 F,664,17.03,39,115,47,2,234,8,42,54,14,3,26,0,0,0,0,,,,,,,,
*04849*,Danuel House,(N/A),"F,Flx",FA,,659,13.73,48,78,32,13,207,8,80,35,12,9,22,2,0,0,0,,,,,,,,
*01enw*,Ricky Rubio,CLE,"G,Flx",FA,LAC 122<br/>@CLE 127 F,652,24.15,27,92,18,7,146,7,59,93,24,5,26,0,0,0,0,,,,,,,,
*05uib*,Cade Cunningham,DET,"G,Flx",EE,DET 104<br/>@MIN 123 F,643,53.58,12,131,17,7,239,12,74,72,10,7,39,0,0,0,3,,,,,,,,
*05yoh*,Lindy Waters,GS/DET,"G,Flx",FA,DET 104<br/>@MIN 123 F,643,17.38,37,94,52,3,189,11,63,26,12,9,10,0,0,0,0,,,,,,,,
*062pk*,Simone Fontecchio,DET,"F,Flx",FA,DET 104<br/>@MIN 123 F,643,14.29,45,152,51,7,258,24,63,34,11,8,31,0,0,0,0,,,,,,,,
*038xl*,Dewayne Dedmon,(N/A),"C,Flx",FA,,628,17.94,35,68,11,14,181,32,120,18,8,17,22,1,1,0,0,,,,,,,,
*0392f*,Rodney McGruder,(N/A),"G,Flx",FA,,620,19.38,32,90,41,4,183,20,74,28,16,1,11,0,0,0,0,,,,,,,,
*05uuo*,Eugene Omoruyi,(N/A),"F,Flx",FA,,618,18.18,34,99,14,17,210,38,95,21,23,3,25,0,0,0,0,,,,,,,,
*042n2*,Kris Dunn,LAC,"G,Flx",FA,LAC 122<br/>@CLE 127 F,613,43.79,14,67,11,7,158,6,59,73,16,6,20,1,0,0,1,,,,,,,,
*051pp*,Isaiah Roby,(N/A),"F,Flx",FA,,613,14.6,42,88,18,21,172,21,107,38,18,7,31,0,0,0,0,,,,,,,,
*04s00*,Duncan Robinson,MIA,"G,F,Flx",FA,,612,17,36,127,53,2,222,8,61,39,12,0,21,0,0,0,0,,,,,,,,
*05qt1*,Payton Pritchard,BOS,"G,Flx",PRO,,610,13.56,45,125,42,4,213,22,68,47,14,1,31,0,0,0,0,,,,,,,,
*01ngg*,Wesley Matthews,(N/A),"G,Flx",FA,,609,13.84,44,86,34,3,143,31,95,25,17,11,16,1,0,0,0,,,,,,,,
*0598b*,Moses Brown,IND/DAL,"C,Flx",FA,,608,17.37,35,35,0,39,155,57,139,4,4,14,15,0,0,0,3,,,,,,,,
*02x1k*,Justin Holiday,(N/A),"G,Flx",FA,,608,14.48,42,112,44,2,182,4,45,38,16,18,20,0,0,0,0,,,,,,,,
*01en8*,Taj Gibson,CHA,"F,C,Flx",FA,CHA 94<br/>@NO 98 F,587,12.76,46,52,4,12,150,31,89,32,14,12,22,0,0,0,0,,,,,,,,
*042nb*,Juancho Hernangomez,(N/A),"F,Flx",FA,,584,13.9,42,66,17,7,122,27,123,25,16,6,15,0,0,0,1,,,,,,,,
*05qv9*,Anthony Gill,WAS,"F,Flx",FA,,572,11,52,44,3,12,162,32,82,25,6,12,11,0,0,0,0,,,,,,,,
*0622z*,Orlando Robinson,SAC/TOR,"C,Flx",J&J,TOR 127<br/>@PHI 109 F,571,19.69,29,40,0,8,113,44,118,21,12,12,15,0,0,0,0,,,,,,,,
*0621v*,Caleb Houstan,ORL,"F,Flx",FA,,571,12.69,45,93,38,2,161,31,94,22,8,6,16,0,0,0,0,,,,,,,,
*0621a*,Ousmane Dieng,OKC,"F,C,Flx",FA,,565,17.66,32,90,24,7,166,16,89,33,13,6,20,0,0,0,0,,,,,,,,
*031mx*,Raul Neto,(N/A),"G,Flx",FA,,548,12.18,45,44,12,3,136,7,40,63,16,3,16,1,0,0,0,,,,,,,,
*059q7*,Juan Toscano-Anderson,(N/A),"F,Flx",FA,,540,12.27,44,50,6,4,115,20,96,42,14,8,26,0,0,0,0,,,,,,,,
*051oy*,Goga Bitadze,ORL,"C,Flx",Fent,,537,17.32,31,38,5,17,106,41,89,28,12,16,16,1,0,0,1,,,,,,,,
*05uit*,Kai Jones,LAC/DAL,"C,Flx",EE,,535,13.38,40,39,3,5,118,32,96,7,12,22,21,0,0,0,0,,,,,,,,
*05uuh*,Duane Washington,(N/A),"G,Flx",FA,,521,16.81,31,162,40,8,244,2,36,63,6,4,34,0,0,0,0,,,,,,,,
*005lx*,JaVale McGee,(N/A),"C,Flx",FA,,514,13.89,37,42,1,14,151,28,94,10,4,21,32,0,0,0,0,,,,,,,,
*027pt*,Davis Bertans,(N/A),"F,Flx",FA,,512,12.49,41,79,46,2,170,8,41,20,10,6,10,2,0,0,0,,,,,,,,
*0622k*,Jabari Walker,POR,"F,Flx",FA,POR 93<br/>@NY 110 F,501,10.44,48,70,7,8,138,39,97,23,7,11,20,0,0,0,0,,,,,,,,
*05uik*,Ziaire Williams,BKN,"F,Flx",FA,,496,13.78,36,102,22,4,186,15,75,26,14,5,36,0,0,0,0,,,,,,,,
*05uiv*,Keon Johnson,BKN,"G,Flx",TRUMP,,493,12.64,39,103,25,13,169,11,41,53,19,6,39,0,0,0,0,,,,,,,,
*05ujq*,Luka Garza,MIN,"F,C,Flx",FA,DET 104<br/>@MIN 123 F,489,18.81,26,50,14,11,177,31,60,18,3,2,13,0,0,0,0,,,,,,,,
*042nr*,Damian Jones,(N/A),"C,Flx",FA,,488,14.35,34,26,4,6,95,34,90,10,6,20,15,0,0,0,1,,,,,,,,
*051ow*,Chuma Okeke,PHI/CLE,"F,Flx",FA,,486,21.13,23,60,20,5,104,22,80,26,12,9,11,0,0,0,0,,,,,,,,
*0621y*,Max Christie,LAL/DAL,"G,F,Flx",TRUMP,,476,12.53,38,61,26,2,128,7,74,19,9,7,13,0,0,0,0,,,,,,,,
*06223*,Bryce McGowens,POR,"G,Flx",FA,POR 93<br/>@NY 110 F,470,11.75,40,91,17,11,158,17,69,39,10,6,28,0,0,0,0,,,,,,,,
*059g0*,Amir Coffey,LAC,"G,F,Flx",FA,LAC 122<br/>@CLE 127 F,463,9.85,47,88,10,13,164,17,52,52,7,4,19,0,0,0,0,,,,,,,,
*0621o*,Blake Wesley,SA,"G,Flx",FA,GS 148<br/>@SA 106 F,453,15.1,30,114,16,14,144,10,60,74,17,4,49,0,0,0,0,,,,,,,,
*02nfk*,Evan Fournier,(N/A),"G,Flx",FA,,452,19.65,23,98,33,3,157,4,45,35,14,3,19,1,0,0,0,,,,,,,,
*051pm*,Admiral Schofield,(N/A),"F,Flx",FA,,452,14.12,32,49,20,2,129,19,52,25,6,4,7,0,0,0,0,,,,,,,,
*05qu4*,Saben Lee,(N/A),"G,Flx",FA,,426,19.36,22,51,7,11,117,11,37,55,15,1,23,0,0,0,0,,,,,,,,
*06234*,AJ Green,MIL,"G,Flx",FA,ATL 145<br/>@MIL 124 F,423,13.22,32,61,39,0,139,5,38,19,6,0,9,0,0,0,0,,,,,,,,
*03r7r*,Richaun Holmes,WAS,"F,C,Flx",FA,,422,11.41,37,25,4,3,116,26,74,5,3,11,14,0,0,0,1,,,,,,,,
*031m8*,Gorgui Dieng,(N/A),"C,Flx",FA,,414,15.33,27,57,14,2,82,24,75,41,4,11,24,0,0,0,0,,,,,,,,
*04416*,Frank Ntilikina,(N/A),"G,Flx",FA,,414,9.41,44,70,14,8,111,6,56,50,11,5,25,0,0,0,0,,,,,,,,
*005ka*,Derrick Rose,(N/A),"G,Flx",FA,,406,15.04,27,98,19,1,152,8,40,46,7,5,22,0,0,0,0,,,,,,,,
*05ujk*,Dalano Banton,POR,"G,F,Flx",FA,POR 93<br/>@NY 110 F,404,14.96,27,66,13,4,120,9,36,29,13,12,16,0,0,0,0,,,,,,,,
*05qts*,Nathan Knight,(N/A),"F,Flx",FA,,404,11.22,36,34,8,17,134,21,54,13,9,6,19,1,0,0,0,,,,,,,,
*027ox*,Markieff Morris,DAL/LAL,"F,Flx",FA,,401,12.53,32,52,22,0,106,13,62,26,9,5,17,3,0,0,1,,,,,,,,
*05qu5*,Udoka Azubuike,(N/A),"C,Flx",FA,,399,13.3,30,10,0,11,79,24,81,8,6,12,14,0,0,0,0,,,,,,,,
*0621s*,TyTy Washington,PHO,"G,Flx",FA,HOU 148<br/>@PHO 109 F,393,13.1,30,100,17,6,137,2,42,47,13,2,14,0,0,0,0,,,,,,,,
*0201u*,Ish Smith,(N/A),"G,Flx",FA,,389,10.24,38,58,2,1,91,4,45,80,6,6,38,0,0,0,0,,,,,,,,
*05qzd*,Kevon Harris,HOU,"G,Flx",FA,,382,12.32,31,49,11,5,101,25,59,13,16,4,16,0,0,0,0,,,,,,,,
*0621i*,Jake LaRavia,MEM/SAC,"F,Flx",FA,,378,11.45,33,56,22,2,99,17,60,21,12,4,18,0,1,0,0,,,,,,,,
*05uuw*,McKinley Wright,(N/A),"G,Flx",FA,,372,15.5,24,38,7,5,86,8,40,48,8,4,16,0,0,0,0,,,,,,,,
*05uil*,James Bouknight,(N/A),"G,Flx",FA,,360,12.86,28,85,17,7,116,5,54,28,14,5,19,0,0,0,0,,,,,,,,
*043cj*,Gary Payton II,GS,"G,Flx",FA,GS 148<br/>@SA 106 F,354,22.12,16,18,10,0,70,11,41,23,16,2,12,1,0,0,0,,,,,,,,
*04eww*,Davon Reed,(N/A),"G,Flx",FA,,344,8.6,40,56,17,8,87,10,58,21,14,4,20,0,0,0,0,,,,,,,,
*03nwo*,Frank Kaminsky,(N/A),"C,Flx",FA,,335,9.85,34,28,12,2,80,4,45,28,6,3,9,1,0,0,0,,,,,,,,
*06221*,Kennedy Chandler,(N/A),"G,Flx",FA,,332,10.38,32,45,2,7,70,7,33,54,11,5,16,0,0,0,0,,,,,,,,
*05xco*,Matt Ryan,NY,"F,Flx",FA,,321,9.73,33,67,32,2,122,4,26,15,5,1,7,0,0,0,0,,,,,,,,
*0621r*,Patrick Baldwin,WAS/MIL/SA/LAC,"F,Flx",FA,LAC 122<br/>@CLE 127 F,318,12.23,26,60,30,2,114,1,36,7,6,4,11,0,0,0,0,,,,,,,,
*05qtc*,Kira Lewis,(N/A),"G,Flx",FA,,318,13.83,23,48,13,3,106,5,33,20,9,2,10,0,0,0,0,,,,,,,,
*05ujp*,Brandon Boston,NO,"G,F,Flx",FA,CHA 94<br/>@NO 98 F,316,15.05,21,70,12,9,143,7,29,19,9,0,12,0,0,0,0,,,,,,,,
*04qsn*,Svi Mykhailiuk,UTA,"F,Flx",FA,,301,11.58,26,45,23,9,104,5,25,17,6,1,9,0,0,0,0,,,,,,,,
*02nfy*,Jae Crowder,SAC,"F,Flx",FA,,298,27.09,11,24,13,2,66,11,46,15,5,4,4,1,0,0,0,,,,,,,,
*0626t*,Dominick Barlow,ATL,"F,C,Flx",FA,ATL 145<br/>@MIL 124 F,296,14.1,21,26,0,5,60,24,55,12,6,11,11,0,0,0,0,,,,,,,,
*005le*,Robin Lopez,(N/A),"C,Flx",FA,,288,8.47,34,21,2,4,92,21,45,14,1,6,22,0,0,0,0,,,,,,,,
*042nl*,Furkan Korkmaz,(N/A),"G,Flx",FA,,281,8.78,32,51,13,10,111,6,32,19,6,3,20,0,0,0,0,,,,,,,,
*05uji*,Kessler Edwards,DAL,"F,Flx",FA,,279,9.96,28,40,12,3,73,16,42,15,7,4,10,0,0,0,0,,,,,,,,
*04ewb*,Jonathan Isaac,ORL,"F,Flx",FA,,265,24.09,11,31,6,4,55,15,44,6,14,4,4,0,0,0,0,,,,,,,,
*03scs*,Boban Marjanovic,(N/A),"C,Flx",FA,,263,10.12,26,15,0,6,84,15,47,7,4,1,12,0,0,0,0,,,,,,,,
*04uq6*,Theo Pinson,(N/A),"G,Flx",FA,,260,7.03,37,41,15,2,64,8,41,30,4,1,9,2,0,0,0,,,,,,,,
*031lt*,Nerlens Noel,(N/A),"C,Flx",FA,,259,15.24,17,23,1,4,35,10,46,10,16,10,13,0,0,0,0,,,,,,,,
*05uuj*,Terry Taylor,SAC,"F,Flx",FA,,238,8.5,28,35,4,2,73,22,39,10,3,5,9,0,0,0,0,,,,,,,,
*051pc*,KZ Okpala,(N/A),"F,Flx",FA,,238,6.8,35,22,7,1,46,7,34,13,7,7,7,0,0,0,0,,,,,,,,
*06226*,Moussa Diabate,CHA,"F,C,Flx",FA,CHA 94<br/>@NO 98 F,237,12.47,19,20,1,6,55,29,45,3,6,6,9,0,0,0,0,,,,,,,,
*0661b*,Jamal Cain,NO,"F,Flx",FA,CHA 94<br/>@NO 98 F,235,15.67,15,24,2,4,66,12,39,9,8,0,4,0,0,0,0,,,,,,,,
*0621q*,Nikola Jovic,MIA,"F,Flx",FA,,231,15.4,15,41,8,1,82,9,31,10,7,2,10,0,0,0,0,,,,,,,,
*005lo*,Serge Ibaka,(N/A),"F,C,Flx",FA,,227,14.19,16,28,6,5,66,15,44,4,2,7,11,0,0,0,0,,,,,,,,
*05wkd*,Jeff Dowtin,PHI,"G,Flx",FA,TOR 127<br/>@PHI 109 F,226,10.76,21,29,5,2,58,6,22,25,7,1,5,0,0,0,0,,,,,,,,
*05qu7*,Trent Forrest,(N/A),"G,Flx",FA,,221,11.63,19,26,0,1,50,5,29,31,6,2,11,0,0,0,0,,,,,,,,
*04847*,Bryn Forbes,(N/A),"G,Flx",FA,,220,8.8,25,53,14,0,89,4,15,17,7,2,12,0,0,0,0,,,,,,,,
*0621h*,Dalen Terry,CHI,"G,F,Flx",FA,,218,7.27,30,25,6,6,55,9,26,19,4,4,6,0,0,0,0,,,,,,,,
*038og*,Matthew Dellavedova,(N/A),"G,Flx",FA,,214,6.9,31,33,9,3,47,1,13,40,7,0,10,0,0,0,0,,,,,,,,
*06235*,Kenneth Lofton,(N/A),"F,Flx",FA,,206,11.44,18,26,5,5,63,9,25,16,3,2,5,0,0,0,0,,,,,,,,
*05wqo*,Dru Smith,MIA,"G,Flx",FA,,204,17,12,22,5,0,42,2,19,16,9,4,2,0,0,0,0,,,,,,,,
*027os*,Kemba Walker,(N/A),"G,Flx",FA,,199,22.11,9,33,7,4,72,3,16,19,2,2,4,0,0,0,0,,,,,,,,
*031lq*,Otto Porter,(N/A),"F,Flx",FA,,191,23.88,8,15,6,0,44,6,19,8,11,0,4,0,0,0,0,,,,,,,,
*03apw*,Noah Vonleh,(N/A),"F,C,Flx",FA,,190,8.26,23,13,1,0,25,18,48,7,2,8,11,0,0,0,0,,,,,,,,
*031lr*,Cody Zeller,ATL/HOU,"C,Flx",FA,,178,17.8,10,14,0,6,47,16,35,6,2,4,8,0,0,0,0,,,,,,,,
*06228*,Josh Minott,MIN,"F,Flx",FA,DET 104<br/>@MIN 123 F,177,12.64,14,16,2,0,46,5,25,4,4,6,3,0,0,0,1,,,,,,,,
*01ng2*,Garrett Temple,TOR,"G,Flx",FA,TOR 127<br/>@PHI 109 F,177,7.7,23,26,10,1,45,4,14,12,9,1,4,0,0,0,0,,,,,,,,
*0621p*,Wendell Moore,DET/CHA,"G,F,Flx",FA,CHA 94<br/>@NO 98 F,175,6.48,27,25,2,1,40,3,17,18,8,5,8,0,0,0,0,,,,,,,,
*03kdj*,Khem Birch,(N/A),"C,Flx",FA,,175,8.75,20,13,1,1,43,8,25,7,5,5,8,0,0,0,0,,,,,,,,
*05wvu*,David Duke,SA,"G,Flx",FA,GS 148<br/>@SA 106 F,171,8.55,20,34,1,4,66,8,21,16,7,1,15,0,0,0,0,,,,,,,,
*05uj7*,Jason Preston,UTA,"G,Flx",FA,,166,12.77,13,23,5,2,41,2,22,27,2,0,10,0,0,0,0,,,,,,,,
*051om*,Jarrett Culver,(N/A),"G,Flx",FA,,165,16.5,10,26,1,4,44,10,38,6,6,2,7,0,0,0,0,,,,,,,,
*04hoo*,Daniel Theis,NO/OKC,"C,Flx",FA,,163,23.29,7,23,2,7,49,7,22,9,2,6,3,0,0,0,0,,,,,,,,
*01en7*,James Johnson,IND,"F,Flx",FA,,163,10.87,15,22,3,4,39,2,22,11,5,6,5,0,0,0,0,,,,,,,,
*062dn*,Julian Champagnie,SA,"F,Flx",PRO,GS 148<br/>@SA 106 F,161,16.1,10,24,12,0,55,2,22,2,1,4,3,1,0,0,0,,,,,,,,
*06219*,Johnny Davis,WAS/MEM,"G,Flx",FA,,143,6.81,21,36,4,6,61,5,24,7,3,2,6,0,0,0,0,,,,,,,,
*051pg*,Cody Martin,CHA/PHO,"G,F,Flx",FA,HOU 148<br/>@PHO 109 F,142,20.29,7,22,3,3,35,8,24,11,4,1,2,0,0,0,0,,,,,,,,
*0623d*,Johnny Juzang,UTA,"G,F,Flx",FA,,129,10.75,12,39,11,2,49,3,21,4,2,3,2,0,0,0,0,,,,,,,,
*05qvv*,Mamadi Diakite,(N/A),"F,Flx",FA,,126,6.63,19,20,5,0,33,6,19,4,2,7,8,0,0,0,0,,,,,,,,
*05qtk*,Vit Krejci,ATL,"G,F,Flx",FA,ATL 145<br/>@MIL 124 F,122,5.08,24,18,5,1,32,2,15,12,3,1,4,0,0,0,0,,,,,,,,
*043un*,Ryan Arcidiacono,(N/A),"G,Flx",FA,,122,6.42,19,25,7,0,23,0,13,22,5,0,6,0,0,0,0,,,,,,,,
*04ewg*,Justin Jackson,(N/A),"F,Flx",FA,,113,4.91,23,20,5,1,20,2,17,9,4,4,2,0,0,0,0,,,,,,,,
*05uim*,Joshua Primo,(N/A),"G,F,Flx",FA,,104,26,4,17,3,2,28,2,13,18,1,2,11,0,0,0,0,,,,,,,,
*05ujh*,Greg Brown,(N/A),"F,Flx",FA,,100,6.25,16,17,1,7,28,2,19,3,4,5,6,0,0,0,0,,,,,,,,
*0623m*,Keon Ellis,SAC,"G,F,Flx",FA,,99,7.62,13,6,6,1,22,4,8,4,3,1,1,0,0,0,0,,,,,,,,
*0018m*,Andre Iguodala,(N/A),"F,Flx",FA,,99,12.38,8,8,1,1,17,3,17,19,4,3,9,2,1,0,0,,,,,,,,
*03e7e*,Thanasis Antetokounmpo,(N/A),"F,Flx",FA,,93,3.1,30,17,0,4,22,10,31,7,3,3,10,2,0,0,0,,,,,,,,
*05uj2*,Jaden Springer,BOS/HOU/UTA,"G,Flx",FA,,92,7.08,13,12,0,1,21,5,10,4,6,2,1,0,0,0,0,,,,,,,,
*05uwa*,A.J. Lawson,TOR,"G,Flx",J&J,TOR 127<br/>@PHI 109 F,89,6.85,13,13,7,2,34,2,10,1,1,0,1,0,0,0,0,,,,,,,,
*05qtg*,Trevelin Queen,ORL,"G,Flx",FA,,85,12.14,7,22,2,0,21,8,17,6,2,5,7,0,0,0,0,,,,,,,,
*05yab*,Olivier Sarr,(N/A),"C,Flx",FA,,81,16.2,5,7,1,0,14,8,14,3,0,5,3,0,0,0,0,,,,,,,,
*01ena*,Danny Green,(N/A),"G,F,Flx",FA,,80,8.89,9,14,8,0,27,2,7,2,3,1,6,0,0,0,0,,,,,,,,
*02nfb*,Meyers Leonard,(N/A),"C,Flx",FA,,79,13.17,6,6,5,1,24,2,13,0,1,0,2,0,0,0,0,,,,,,,,
*0621t*,Peyton Watson,DEN,"G,F,Flx",FA,,76,4.75,16,10,4,2,30,3,8,2,0,1,2,0,0,0,0,,,,,,,,
*06303*,Jordan Hall,(N/A),"G,F,Flx",FA,,76,8.44,9,19,3,2,28,3,12,11,1,0,7,0,0,0,0,,,,,,,,
*062sr*,Jack White,(N/A),"F,Flx",FA,,76,4.75,16,9,3,1,19,3,9,3,2,2,1,0,0,0,0,,,,,,,,
*04ews*,Tony Bradley,PHI/IND,"C,Flx",FA,,69,5.75,12,6,3,0,19,1,11,1,1,1,1,0,0,0,0,,,,,,,,
*051pu*,Jarrell Brantley,(N/A),"F,Flx",FA,,68,22.67,3,5,4,0,20,1,5,3,0,2,2,0,0,0,0,,,,,,,,
*0623l*,Jamaree Bouyea,MIL,"G,Flx",FA,ATL 145<br/>@MIL 124 F,66,13.2,5,8,2,1,15,1,6,4,4,2,4,0,0,0,0,,,,,,,,
*063d0*,Jared Rhoden,CHA/TOR,"G,Flx",FA,TOR 127<br/>@PHI 109 F,65,8.12,8,11,1,0,15,8,16,2,2,0,1,0,0,0,0,,,,,,,,
*05qv8*,Facundo Campazzo,(N/A),"G,Flx",FA,,63,7.88,8,10,3,1,10,0,2,9,6,0,3,0,0,0,0,,,,,,,,
*05qsu*,Devon Dotson,(N/A),"G,Flx",FA,,60,10,6,9,1,0,3,6,10,8,5,0,3,0,0,0,0,,,,,,,,
*0622a*,Vince Williams,MEM,"G,F,Flx",FA,,54,4.91,11,10,2,0,10,2,7,3,4,1,1,0,0,0,0,,,,,,,,
*06227*,Ryan Rollins,MIL,"G,Flx",FA,ATL 145<br/>@MIL 124 F,52,4.33,12,13,3,0,23,3,12,6,1,1,16,0,0,0,0,,,,,,,,
*0622b*,Kendall Brown,BKN,"G,Flx",FA,,50,8.33,6,3,0,1,9,2,6,3,4,0,2,0,0,0,0,,,,,,,,
*0622c*,Isaiah Mobley,PHI,"F,Flx",FA,,50,4.55,11,5,1,0,11,1,12,0,1,1,0,0,0,0,0,,,,,,,,
*05qtn*,Vernon Carey,(N/A),"C,Flx",FA,,50,4.55,11,6,0,0,6,3,11,3,2,2,2,0,0,0,0,,,,,,,,
*031ls*,Alex Len,SAC/WAS/LAL,"C,Flx",FA,,49,2.72,18,7,0,1,13,4,17,6,0,0,9,0,0,0,0,,,,,,,,
*05ujd*,Neemias Queta,BOS,"C,Flx",FA,,46,11.5,4,2,0,2,12,4,9,1,0,1,1,0,0,0,0,,,,,,,,
*0622g*,JD Davison,BOS,"G,Flx",FA,,46,4.6,10,8,1,0,11,1,6,6,2,0,2,0,0,0,0,,,,,,,,
*062sp*,Darius Days,PHI,"F,Flx",FA,TOR 127<br/>@PHI 109 F,46,11.5,4,7,3,0,15,1,6,1,0,1,0,0,0,0,0,,,,,,,,
*05qu8*,Omer Yurtseven,(N/A),"C,Flx",FA,,45,7.5,6,4,0,1,12,4,9,0,1,1,1,0,0,0,0,,,,,,,,
*0623n*,Cole Swider,DET/TOR,"F,Flx",FA,TOR 127<br/>@PHI 109 F,42,7,6,6,3,0,9,1,7,4,0,0,0,0,0,0,0,,,,,,,,
*0623a*,Scotty Pippen,MEM,"G,Flx",TRUMP,,38,6.33,6,8,1,4,14,2,4,2,2,1,2,0,0,0,0,,,,,,,,
*05wqp*,Micah Potter,UTA,"F,C,Flx",FA,,37,9.25,4,2,1,0,11,1,3,3,0,0,0,0,0,0,0,,,,,,,,
*05uje*,Jared Butler,WAS/PHI,"G,Flx",J&J,TOR 127<br/>@PHI 109 F,34,17,2,2,1,0,5,0,1,4,3,0,2,0,0,0,0,,,,,,,,
*04ex9*,Sterling Brown,(N/A),"G,Flx",FA,,32,8,4,4,0,0,0,3,8,2,3,0,0,0,0,0,0,,,,,,,,
*065vc*,John Butler,(N/A),"C,Flx",FA,,31,2.82,11,4,0,0,2,1,3,1,1,4,0,0,0,0,0,,,,,,,,
*04ik2*,PJ Dozier,MIN,"G,Flx",FA,,31,3.1,10,7,1,0,7,0,6,0,3,1,2,0,0,0,0,,,,,,,,
*062d2*,Buddy Boeheim,(N/A),"F,Flx",FA,,31,4.43,7,19,4,0,14,2,4,3,2,0,0,0,0,0,0,,,,,,,,
*0622e*,Tyrese Martin,BKN,"G,Flx",FA,,30,2.31,13,10,1,0,15,2,6,0,1,0,1,0,0,0,0,,,,,,,,
*04qsq*,Alize Johnson,(N/A),"F,Flx",FA,,29,7.25,4,3,0,1,7,2,10,1,1,0,4,0,0,0,0,,,,,,,,
*05uud*,Justin Champagnie,WAS,"F,Flx",FA,,24,8,3,0,0,0,6,1,4,1,0,0,0,0,0,0,0,,,,,,,,
*04ex4*,Tyler Dorsey,(N/A),"G,Flx",FA,,24,8,3,1,1,0,9,1,2,0,0,0,0,0,0,0,0,,,,,,,,
*05qsw*,Leandro Bolmaro,(N/A),"G,Flx",FA,,23,1.64,14,17,0,0,6,4,7,7,3,1,7,0,0,0,0,,,,,,,,
*06233*,Ron Harper,DET,"F,Flx",FA,DET 104<br/>@MIN 123 F,23,4.6,5,4,2,0,10,1,2,0,0,0,0,0,0,0,0,,,,,,,,
*064tp*,Quenton Jackson,IND,"G,Flx",FA,,22,5.5,4,3,1,0,7,1,1,1,1,0,0,0,0,0,0,,,,,,,,
*05ujf*,Joe Wieskamp,(N/A),"F,Flx",FA,,22,4.4,5,5,3,0,9,0,2,1,0,0,1,0,0,0,0,,,,,,,,
*05uup*,Jay Huff,MEM,"C,Flx",FA,,19,6.33,3,1,0,0,7,0,4,1,0,0,2,0,0,0,0,,,,,,,,
*051p6*,Dylan Windler,(N/A),"F,Flx",FA,,17,5.67,3,1,1,0,5,0,0,1,1,0,1,0,0,0,0,,,,,,,,
*06236*,Trevor Hudgins,(N/A),"G,Flx",FA,,17,3.4,5,7,2,0,9,0,0,3,0,0,1,0,0,0,0,,,,,,,,
*05wmn*,Malcolm Hill,(N/A),"F,Flx",FA,,15,3,5,2,1,0,5,0,3,0,0,0,0,0,0,0,0,,,,,,,,
*05x7g*,Jordan Schakel,(N/A),"F,Flx",FA,,15,7.5,2,1,1,0,3,0,0,1,1,0,0,0,0,0,0,,,,,,,,
*051p7*,Mfiondu Kabengele,(N/A),"F,C,Flx",FA,,13,6.5,2,1,0,0,2,3,5,0,0,0,1,0,0,0,0,,,,,,,,
*065ve*,Stanley Umude,MIL,"G,Flx",FA,ATL 145<br/>@MIL 124 F,12,12,1,1,0,0,2,0,0,0,1,1,0,0,0,0,0,,,,,,,,
*06ajv*,Xavier Cooks,(N/A),"F,Flx",FA,,11,3.67,3,0,0,0,0,2,4,1,0,0,1,0,0,0,0,,,,,,,,
*05ycx*,Braxton Key,GS,"F,Flx",FA,GS 148<br/>@SA 106 F,10,3.33,3,0,0,0,4,0,1,0,0,0,0,0,0,0,0,,,,,,,,
*06225*,Trevor Keels,(N/A),"G,Flx",FA,,9,4.5,2,2,1,0,3,0,2,0,0,0,0,0,0,0,0,,,,,,,,
*05ux5*,Carlik Jones,(N/A),"G,Flx",FA,,6,3,2,4,0,3,3,1,3,2,0,0,1,0,0,0,0,,,,,,,,
*062xs*,Chima Moneke,(N/A),"F,Flx",FA,,5,2.5,2,1,0,2,2,2,2,1,0,0,2,0,0,0,0,,,,,,,,
*0623k*,Dereon Seabron,(N/A),"G,Flx",FA,,5,1,5,3,0,0,4,1,1,0,0,0,0,0,0,0,0,,,,,,,,
*0015o*,Udonis Haslem,MIA,"F,Flx",FA,,5,0.83,6,11,0,1,3,4,8,0,1,1,0,1,0,0,0,,,,,,,,
*0590m*,Lindell Wigginton,(N/A),"G,Flx",FA,,5,1.25,4,6,0,0,8,0,1,1,0,0,2,0,0,0,0,,,,,,,,
*05ya2*,Xavier Moon,(N/A),"G,Flx",FA,,4,4,1,2,0,0,0,0,1,2,0,0,0,0,0,0,0,,,,,,,,
*05qtb*,Sam Merrill,CLE,"G,Flx",FA,LAC 122<br/>@CLE 127 F,3,1,3,3,0,0,2,0,1,1,0,0,0,0,0,0,0,,,,,,,,
*04ewv*,Frank Jackson,(N/A),"G,Flx",FA,,2,2,1,3,0,0,0,1,2,1,0,0,0,0,0,0,0,,,,,,,,
*052c5*,Chris Silva,(N/A),"F,Flx",FA,,2,2,1,0,0,0,2,0,0,0,0,0,1,0,0,0,0,,,,,,,,
*04qrp*,Miles Bridges,CHA,"F,Flx",Tribunal,CHA 94<br/>@NO 98 F,0,0,0,0,0,0,0,0,0,0,0,0,0,0,0,0,0,,,,,,,,
*06cca*,Brandon Miller,CHA,"F,Flx",FA,CHA 94<br/>@NO 98 F,0,0,0,0,0,0,0,0,0,0,0,0,0,0,0,0,0,,,,,,,,
*06ca8*,Amen Thompson,HOU,"G,F,Flx",BabyOil,HOU 148<br/>@PHO 109 F,0,0,0,0,0,0,0,0,0,0,0,0,0,0,0,0,0,,,,,,,,
*06cch*,Victor Wembanyama,SA,"F,C,Flx",FA,GS 148<br/>@SA 106 F,0,0,0,0,0,0,0,0,0,0,0,0,0,0,0,0,0,,,,,,,,
*06cd4*,Toumani Camara,POR,"G,F,Flx",TRH,POR 93<br/>@NY 110 F,0,0,0,0,0,0,0,0,0,0,0,0,0,0,0,0,0,,,,,,,,
*06mjw*,Stephon Castle,SA,"G,Flx",PRO,GS 148<br/>@SA 106 F,0,0,0,0,0,0,0,0,0,0,0,0,0,0,0,0,0,,,,,,,,
*06cby*,Keyonte George,UTA,"G,Flx",Fent,,0,0,0,0,0,0,0,0,0,0,0,0,0,0,0,0,0,,,,,,,,
*06211*,Chet Holmgren,OKC,"F,C,Flx",Fent,,0,0,0,0,0,0,0,0,0,0,0,0,0,0,0,0,0,,,,,,,,
*06mju*,Alex Sarr,WAS,"F,C,Flx",TRUMP,,0,0,0,0,0,0,0,0,0,0,0,0,0,0,0,0,0,,,,,,,,
*06ccf*,Ausar Thompson,DET,"F,Flx",BabyOil,DET 104<br/>@MIN 123 F,0,0,0,0,0,0,0,0,0,0,0,0,0,0,0,0,0,,,,,,,,
*06mk3*,Matas Buzelis,CHI,"F,Flx",FA,,0,0,0,0,0,0,0,0,0,0,0,0,0,0,0,0,0,,,,,,,,
*06mk6*,Carlton Carrington,WAS,"G,Flx",DBD,,0,0,0,0,0,0,0,0,0,0,0,0,0,0,0,0,0,,,,,,,,
*06cc1*,Bilal Coulibaly,WAS,"G,F,Flx",FA,,0,0,0,0,0,0,0,0,0,0,0,0,0,0,0,0,0,,,,,,,,
*06cdn*,Scoot Henderson,POR,"G,Flx",420,POR 93<br/>@NY 110 F,0,0,0,0,0,0,0,0,0,0,0,0,0,0,0,0,0,,,,,,,,
*06cc8*,Dereck Lively,DAL,"C,Flx",FA,,0,0,0,0,0,0,0,0,0,0,0,0,0,0,0,0,0,,,,,,,,
*06cac*,Cason Wallace,OKC,"G,F,Flx",TRUMP,,0,0,0,0,0,0,0,0,0,0,0,0,0,0,0,0,0,,,,,,,,
*06mjz*,Donovan Clingan,POR,"C,Flx",MylS,POR 93<br/>@NY 110 F,0,0,0,0,0,0,0,0,0,0,0,0,0,0,0,0,0,,,,,,,,
*06mk1*,Zach Edey,MEM,"C,Flx",MylS,,0,0,0,0,0,0,0,0,0,0,0,0,0,0,0,0,0,,,,,,,,
*06mle*,Kyle Filipowski,UTA,"F,C,Flx",MylS,,0,0,0,0,0,0,0,0,0,0,0,0,0,0,0,0,0,,,,,,,,
*06mk8*,Jared McCain,PHI,"G,Flx",FA,TOR 127<br/>@PHI 109 F,0,0,0,0,0,0,0,0,0,0,0,0,0,0,0,0,0,,,,,,,,
*06mk7*,Kelel Ware,MIA,"F,C,Flx",FA,,0,0,0,0,0,0,0,0,0,0,0,0,0,0,0,0,0,,,,,,,,
*049ka*,Lonzo Ball,CHI,"G,Flx",420,,0,0,0,0,0,0,0,0,0,0,0,0,0,0,0,0,0,,,,,,,,
*06mkl*,Isaiah Collier,UTA,"G,Flx",EE,,0,0,0,0,0,0,0,0,0,0,0,0,0,0,0,0,0,,,,,,,,
*06mkd*,Yves Missi,NO,"C,Flx",TRH,CHA 94<br/>@NO 98 F,0,0,0,0,0,0,0,0,0,0,0,0,0,0,0,0,0,,,,,,,,
*06cc7*,Brandin Podziemski,GS,"G,F,Flx",Tribunal,GS 148<br/>@SA 106 F,0,0,0,0,0,0,0,0,0,0,0,0,0,0,0,0,0,,,,,,,,
*06mjt*,Zaccharie Risacher,ATL,"F,Flx",FA,ATL 145<br/>@MIL 124 F,0,0,0,0,0,0,0,0,0,0,0,0,0,0,0,0,0,,,,,,,,
*06mjv*,Reed Sheppard,HOU,"G,Flx",FA,HOU 148<br/>@PHO 109 F,0,0,0,0,0,0,0,0,0,0,0,0,0,0,0,0,0,,,,,,,,
*06mll*,Jaylen Wells,MEM,"G,F,Flx",FA,,0,0,0,0,0,0,0,0,0,0,0,0,0,0,0,0,0,,,,,,,,
*06ca7*,Cam Whitmore,HOU,"F,Flx",FA,HOU 148<br/>@PHO 109 F,0,0,0,0,0,0,0,0,0,0,0,0,0,0,0,0,0,,,,,,,,
*06cc2*,Gradey Dick,TOR,"G,F,Flx",MylS,TOR 127<br/>@PHI 109 F,0,0,0,0,0,0,0,0,0,0,0,0,0,0,0,0,0,,,,,,,,
*06mk0*,Robert Dillingham,MIN,"G,Flx",FA,DET 104<br/>@MIN 123 F,0,0,0,0,0,0,0,0,0,0,0,0,0,0,0,0,0,,,,,,,,
*06mkg*,Kyshawn George,WAS,"G,F,Flx",BabyOil,,0,0,0,0,0,0,0,0,0,0,0,0,0,0,0,0,0,,,,,,,,
*06mk9*,Dalton Knecht,LAL/CHA,"G,F,Flx",FA,,0,0,0,0,0,0,0,0,0,0,0,0,0,0,0,0,0,,,,,,,,
*06mk4*,Nikola Topic,OKC,"G,Flx",FA,,0,0,0,0,0,0,0,0,0,0,0,0,0,0,0,0,0,,,,,,,,
*06cc5*,Anthony Black,ORL,"G,Flx",FA,,0,0,0,0,0,0,0,0,0,0,0,0,0,0,0,0,0,,,,,,,,
*06mjx*,Ron Holland,DET,"F,Flx",FA,DET 104<br/>@MIN 123 F,0,0,0,0,0,0,0,0,0,0,0,0,0,0,0,0,0,,,,,,,,
*06cc0*,Taylor Hendricks,UTA,"F,Flx",FA,,0,0,0,0,0,0,0,0,0,0,0,0,0,0,0,0,0,,,,,,,,
*06cbx*,Jaime Jaquez,MIA,"G,F,Flx",FA,,0,0,0,0,0,0,0,0,0,0,0,0,0,0,0,0,0,,,,,,,,
*06ccd*,Noah Clowney,BKN,"F,C,Flx",FA,,0,0,0,0,0,0,0,0,0,0,0,0,0,0,0,0,0,,,,,,,,
*06mkk*,Ryan Dunn,PHO,"G,F,Flx",FA,HOU 148<br/>@PHO 109 F,0,0,0,0,0,0,0,0,0,0,0,0,0,0,0,0,0,,,,,,,,
*06cdh*,GG Jackson,MEM,"F,Flx",FA,,0,0,0,0,0,0,0,0,0,0,0,0,0,0,0,0,0,,,,,,,,
*06mkb*,JaKobe Walter,TOR,"G,Flx",FA,TOR 127<br/>@PHI 109 F,0,0,0,0,0,0,0,0,0,0,0,0,0,0,0,0,0,,,,,,,,
*06mln*,Adem Bona,PHI,"F,C,Flx",FA,TOR 127<br/>@PHI 109 F,0,0,0,0,0,0,0,0,0,0,0,0,0,0,0,0,0,,,,,,,,
*06cbz*,Brice Sensabaugh,UTA,"F,Flx",FA,,0,0,0,0,0,0,0,0,0,0,0,0,0,0,0,0,0,,,,,,,,
*03xmt*,Guerschon Yabusele,PHI,"F,C,Flx",BabyOil,TOR 127<br/>@PHI 109 F,0,0,0,0,0,0,0,0,0,0,0,0,0,0,0,0,0,,,,,,,,
*06mmc*,Justin Edwards,PHI,"G,F,Flx",Sar,TOR 127<br/>@PHI 109 F,0,0,0,0,0,0,0,0,0,0,0,0,0,0,0,0,0,,,,,,,,
*06mld*,Jonathan Mogbo,TOR,"F,C,Flx",FA,TOR 127<br/>@PHI 109 F,0,0,0,0,0,0,0,0,0,0,0,0,0,0,0,0,0,,,,,,,,
*06mjy*,Tidjane Salaun,CHA,"F,Flx",FA,CHA 94<br/>@NO 98 F,0,0,0,0,0,0,0,0,0,0,0,0,0,0,0,0,0,,,,,,,,
*06ca9*,Jordan Hawkins,NO,"G,Flx",FA,CHA 94<br/>@NO 98 F,0,0,0,0,0,0,0,0,0,0,0,0,0,0,0,0,0,,,,,,,,
*0622f*,Karlo Matkovic,NO,"F,C,Flx",FA,CHA 94<br/>@NO 98 F,0,0,0,0,0,0,0,0,0,0,0,0,0,0,0,0,0,,,,,,,,
*06mka*,Tristan da Silva,ORL,"F,Flx",FA,,0,0,0,0,0,0,0,0,0,0,0,0,0,0,0,0,0,,,,,,,,
*06mk5*,Devin Carter,SAC,"G,Flx",FA,,0,0,0,0,0,0,0,0,0,0,0,0,0,0,0,0,0,,,,,,,,
*06mk2*,Cody Williams,UTA,"G,F,Flx",FA,,0,0,0,0,0,0,0,0,0,0,0,0,0,0,0,0,0,,,,,,,,
*06cdc*,Jalen Wilson,BKN,"F,Flx",FA,,0,0,0,0,0,0,0,0,0,0,0,0,0,0,0,0,0,,,,,,,,
*06ccv*,Trayce Jackson-Davis,GS,"F,C,Flx",FA,GS 148<br/>@SA 106 F,0,0,0,0,0,0,0,0,0,0,0,0,0,0,0,0,0,,,,,,,,
*06mly*,Quinten Post,GS,"F,C,Flx",FA,GS 148<br/>@SA 106 F,0,0,0,0,0,0,0,0,0,0,0,0,0,0,0,0,0,,,,,,,,
*06mlr*,Jamal Shead,TOR,"G,Flx",FA,TOR 127<br/>@PHI 109 F,0,0,0,0,0,0,0,0,0,0,0,0,0,0,0,0,0,,,,,,,,
*06ccb*,Nick Smith,CHA,"G,Flx",FA,CHA 94<br/>@NO 98 F,0,0,0,0,0,0,0,0,0,0,0,0,0,0,0,0,0,,,,,,,,
*06ca3*,Julian Strawther,DEN,"G,F,Flx",FA,,0,0,0,0,0,0,0,0,0,0,0,0,0,0,0,0,0,,,,,,,,
*06ccu*,Tristan Vukcevic,WAS,"C,Flx",FA,,0,0,0,0,0,0,0,0,0,0,0,0,0,0,0,0,0,,,,,,,,
*06ca4*,Kobe Bufkin,ATL,"G,Flx",FA,ATL 145<br/>@MIL 124 F,0,0,0,0,0,0,0,0,0,0,0,0,0,0,0,0,0,,,,,,,,
*06mke*,DaRon Holmes,DEN,"F,Flx",FA,,0,0,0,0,0,0,0,0,0,0,0,0,0,0,0,0,0,,,,,,,,
*06mlm*,Oso Ighodaro,PHO,"F,C,Flx",FA,HOU 148<br/>@PHO 109 F,0,0,0,0,0,0,0,0,0,0,0,0,0,0,0,0,0,,,,,,,,
*06mkf*,AJ Johnson,MIL/WAS,"G,Flx",FA,,0,0,0,0,0,0,0,0,0,0,0,0,0,0,0,0,0,,,,,,,,
*06ccz*,Mouhamed Gueye,ATL,"F,Flx",FA,ATL 145<br/>@MIL 124 F,0,0,0,0,0,0,0,0,0,0,0,0,0,0,0,0,0,,,,,,,,
*06mkj*,Terrence Shannon,MIN,"G,F,Flx",FA,DET 104<br/>@MIN 123 F,0,0,0,0,0,0,0,0,0,0,0,0,0,0,0,0,0,,,,,,,,
*06caa*,Ben Sheppard,IND,"G,Flx",FA,,0,0,0,0,0,0,0,0,0,0,0,0,0,0,0,0,0,,,,,,,,
*06mkc*,Jaylon Tyson,CLE,"G,F,Flx",FA,LAC 122<br/>@CLE 127 F,0,0,0,0,0,0,0,0,0,0,0,0,0,0,0,0,0,,,,,,,,
*06mm1*,Bronny James,LAL,"G,Flx",FA,,0,0,0,0,0,0,0,0,0,0,0,0,0,0,0,0,0,,,,,,,,
*06mlk*,Ajay Mitchell,OKC,"G,Flx",FA,,0,0,0,0,0,0,0,0,0,0,0,0,0,0,0,0,0,,,,,,,,
*06mlh*,Johnny Furphy,IND,"G,Flx",FA,,0,0,0,0,0,0,0,0,0,0,0,0,0,0,0,0,0,,,,,,,,
*06mlf*,Tyler Smith,MIL,"F,Flx",FA,ATL 145<br/>@MIL 124 F,0,0,0,0,0,0,0,0,0,0,0,0,0,0,0,0,0,,,,,,,,
*06cei*,Leonard Miller,MIN,"F,Flx",FA,DET 104<br/>@MIN 123 F,0,0,0,0,0,0,0,0,0,0,0,0,0,0,0,0,0,,,,,,,,
*06mlo*,KJ Simpson,CHA,"G,Flx",ROMO,CHA 94<br/>@NO 98 F,0,0,0,0,0,0,0,0,0,0,0,0,0,0,0,0,0,,,,,,,,
*05y9y*,Brandon Williams,DAL,"G,Flx",Tribunal,,0,0,0,0,0,0,0,0,0,0,0,0,0,0,0,0,0,,,,,,,,
*06ceg*,Ricky Council,PHI,"G,F,Flx",FA,TOR 127<br/>@PHI 109 F,0,0,0,0,0,0,0,0,0,0,0,0,0,0,0,0,0,,,,,,,,
*06mlg*,Tyler Kolek,NY,"G,Flx",FA,POR 93<br/>@NY 110 F,0,0,0,0,0,0,0,0,0,0,0,0,0,0,0,0,0,,,,,,,,
*06mkh*,Pacome Dadiet,NY,"G,Flx",FA,POR 93<br/>@NY 110 F,0,0,0,0,0,0,0,0,0,0,0,0,0,0,0,0,0,,,,,,,,
*06cc6*,Jett Howard,ORL,"F,Flx",FA,,0,0,0,0,0,0,0,0,0,0,0,0,0,0,0,0,0,,,,,,,,
*06mkm*,Baylor Scheierman,BOS,"G,Flx",FA,,0,0,0,0,0,0,0,0,0,0,0,0,0,0,0,0,0,,,,,,,,
*06cef*,Oscar Tshiebwe,UTA,"F,C,Flx",FA,,0,0,0,0,0,0,0,0,0,0,0,0,0,0,0,0,0,,,,,,,,
*06ccc*,Dariq Whitehead,BKN,"F,Flx",FA,,0,0,0,0,0,0,0,0,0,0,0,0,0,0,0,0,0,,,,,,,,
*06cdd*,Andre Jackson,MIL,"G,Flx",FA,ATL 145<br/>@MIL 124 F,0,0,0,0,0,0,0,0,0,0,0,0,0,0,0,0,0,,,,,,,,
*06mki*,Dillon Jones,OKC,"F,C,Flx",FA,,0,0,0,0,0,0,0,0,0,0,0,0,0,0,0,0,0,,,,,,,,
*06mlq*,Pelle Larsson,MIA,"G,Flx",FA,,0,0,0,0,0,0,0,0,0,0,0,0,0,0,0,0,0,,,,,,,,
*06cd3*,Emoni Bates,CLE,"F,Flx",FA,LAC 122<br/>@CLE 127 F,0,0,0,0,0,0,0,0,0,0,0,0,0,0,0,0,0,,,,,,,,
*06q2e*,Jamison Battle,TOR,"F,Flx",FA,TOR 127<br/>@PHI 109 F,0,0,0,0,0,0,0,0,0,0,0,0,0,0,0,0,0,,,,,,,,
*06ccg*,Marcus Sasser,DET,"G,Flx",FA,DET 104<br/>@MIN 123 F,0,0,0,0,0,0,0,0,0,0,0,0,0,0,0,0,0,,,,,,,,
*06cd9*,Jaylen Clark,MIN,"G,F,Flx",FA,DET 104<br/>@MIN 123 F,0,0,0,0,0,0,0,0,0,0,0,0,0,0,0,0,0,,,,,,,,
*0623e*,Collin Gillespie,PHO,"G,Flx",FA,HOU 148<br/>@PHO 109 F,0,0,0,0,0,0,0,0,0,0,0,0,0,0,0,0,0,,,,,,,,
*06mlj*,Bobi Klintman,DET,"F,Flx",FA,DET 104<br/>@MIN 123 F,0,0,0,0,0,0,0,0,0,0,0,0,0,0,0,0,0,,,,,,,,
*06cc9*,Olivier-Maxence Prosper,DAL,"F,Flx",FA,,0,0,0,0,0,0,0,0,0,0,0,0,0,0,0,0,0,,,,,,,,
*06mlz*,Cam Spencer,MEM,"G,Flx",FA,,0,0,0,0,0,0,0,0,0,0,0,0,0,0,0,0,0,,,,,,,,
*06cd1*,Jordan Walsh,BOS,"F,Flx",FA,,0,0,0,0,0,0,0,0,0,0,0,0,0,0,0,0,0,,,,,,,,
*06mls*,Cam Christie,LAC,"G,Flx",FA,LAC 122<br/>@CLE 127 F,0,0,0,0,0,0,0,0,0,0,0,0,0,0,0,0,0,,,,,,,,
*06mm4*,Ariel Hukporti,NY,"C,Flx",FA,POR 93<br/>@NY 110 F,0,0,0,0,0,0,0,0,0,0,0,0,0,0,0,0,0,,,,,,,,
*06ca5*,Kris Murray,POR,"F,Flx",FA,POR 93<br/>@NY 110 F,0,0,0,0,0,0,0,0,0,0,0,0,0,0,0,0,0,,,,,,,,
*06ccy*,Jalen Pickett,DEN,"G,Flx",FA,,0,0,0,0,0,0,0,0,0,0,0,0,0,0,0,0,0,,,,,,,,
*0622i*,Gui Santos,GS,"F,Flx",FA,GS 148<br/>@SA 106 F,0,0,0,0,0,0,0,0,0,0,0,0,0,0,0,0,0,,,,,,,,
*06cel*,Sidy Cissoko,SA/SAC/WAS/POR,"F,Flx",FA,POR 93<br/>@NY 110 F,0,0,0,0,0,0,0,0,0,0,0,0,0,0,0,0,0,,,,,,,,
*06mlp*,Nikola Djurisic,ATL,"F,Flx",FA,ATL 145<br/>@MIL 124 F,0,0,0,0,0,0,0,0,0,0,0,0,0,0,0,0,0,,,,,,,,
*06hfc*,Tosan Evbuomwan,BKN,"G,F,Flx",FA,,0,0,0,0,0,0,0,0,0,0,0,0,0,0,0,0,0,,,,,,,,
*06cdf*,Julian Phillips,CHI,"F,Flx",FA,,0,0,0,0,0,0,0,0,0,0,0,0,0,0,0,0,0,,,,,,,,
*065b8*,Keaton Wallace,ATL,"G,Flx",FA,ATL 145<br/>@MIL 124 F,0,0,0,0,0,0,0,0,0,0,0,0,0,0,0,0,0,,,,,,,,
*06mp4*,Trey Alexander,DEN,"G,Flx",FA,,0,0,0,0,0,0,0,0,0,0,0,0,0,0,0,0,0,,,,,,,,
*06mm3*,Ulrich Chomche,TOR,"F,Flx",FA,TOR 127<br/>@PHI 109 F,0,0,0,0,0,0,0,0,0,0,0,0,0,0,0,0,0,,,,,,,,
*06cp4*,Craig Porter,CLE,"G,Flx",FA,LAC 122<br/>@CLE 127 F,0,0,0,0,0,0,0,0,0,0,0,0,0,0,0,0,0,,,,,,,,
*06mlt*,Antonio Reeves,NO,"G,Flx",FA,CHA 94<br/>@NO 98 F,0,0,0,0,0,0,0,0,0,0,0,0,0,0,0,0,0,,,,,,,,
*06cf3*,Drew Timme,BKN,"F,Flx",FA,,0,0,0,0,0,0,0,0,0,0,0,0,0,0,0,0,0,,,,,,,,
*06cce*,Jalen Hood-Schifino,LAL/UTA/PHI,"G,Flx",FA,TOR 127<br/>@PHI 109 F,0,0,0,0,0,0,0,0,0,0,0,0,0,0,0,0,0,,,,,,,,
*06cp2*,Colin Castleton,MEM/TOR/PHI,"C,Flx",FA,,0,0,0,0,0,0,0,0,0,0,0,0,0,0,0,0,0,,,,,,,,
*06mm6*,NFaly Dante,HOU,"C,Flx",FA,HOU 148<br/>@PHO 109 F,0,0,0,0,0,0,0,0,0,0,0,0,0,0,0,0,0,,,,,,,,
*06mm8*,Keshad Johnson,MIA,"F,Flx",FA,,0,0,0,0,0,0,0,0,0,0,0,0,0,0,0,0,0,,,,,,,,
*03e7f*,Vasilije Micic,CHA/PHO,"G,Flx",FA,HOU 148<br/>@PHO 109 F,0,0,0,0,0,0,0,0,0,0,0,0,0,0,0,0,0,,,,,,,,
*06ccw*,Jordan Miller,LAC,"F,Flx",FA,LAC 122<br/>@CLE 127 F,0,0,0,0,0,0,0,0,0,0,0,0,0,0,0,0,0,,,,,,,,
*06mlu*,Harrison Ingram,SA,"F,Flx",FA,GS 148<br/>@SA 106 F,0,0,0,0,0,0,0,0,0,0,0,0,0,0,0,0,0,,,,,,,,
*06cd2*,Rayan Rupert,POR,"G,Flx",FA,POR 93<br/>@NY 110 F,0,0,0,0,0,0,0,0,0,0,0,0,0,0,0,0,0,,,,,,,,
*06mlx*,Melvin Ajinca,DAL,"F,Flx",FA,,0,0,0,0,0,0,0,0,0,0,0,0,0,0,0,0,0,,,,,,,,
*06mmi*,Branden Carlson,OKC,"C,Flx",FA,,0,0,0,0,0,0,0,0,0,0,0,0,0,0,0,0,0,,,,,,,,
*03acx*,Dante Exum,DAL,"G,Flx",FA,,0,0,0,0,0,0,0,0,0,0,0,0,0,0,0,0,0,,,,,,,,
*06mlw*,Enrique Freeman,IND,"F,Flx",FA,,0,0,0,0,0,0,0,0,0,0,0,0,0,0,0,0,0,,,,,,,,
*06cdj*,Colby Jones,SAC/WAS,"G,Flx",FA,,0,0,0,0,0,0,0,0,0,0,0,0,0,0,0,0,0,,,,,,,,
*06mli*,Juan Nunez,(N/A),"G,Flx",FA,,0,0,0,0,0,0,0,0,0,0,0,0,0,0,0,0,0,,,,,,,,
*055sg*,DaQuan Jeffries,CHA,"G,Flx",FA,CHA 94<br/>@NO 98 F,0,0,0,0,0,0,0,0,0,0,0,0,0,0,0,0,0,,,,,,,,
*06cdg*,Maxwell Lewis,LAL/BKN,"F,Flx",FA,,0,0,0,0,0,0,0,0,0,0,0,0,0,0,0,0,0,,,,,,,,
*06224*,E.J. Liddell,CHI,"F,Flx",FA,,0,0,0,0,0,0,0,0,0,0,0,0,0,0,0,0,0,,,,,,,,
*06mm2*,Kevin McCullar,NY,"G,F,Flx",FA,POR 93<br/>@NY 110 F,0,0,0,0,0,0,0,0,0,0,0,0,0,0,0,0,0,,,,,,,,
*06gix*,Duop Reath,POR,"C,Flx",ROMO,POR 93<br/>@NY 110 F,0,0,0,0,0,0,0,0,0,0,0,0,0,0,0,0,0,,,,,,,,
*06mmb*,Reece Beekman,GS/BKN,"G,Flx",FA,,0,0,0,0,0,0,0,0,0,0,0,0,0,0,0,0,0,,,,,,,,
*06ca2*,Kobe Brown,LAC,"F,Flx",FA,LAC 122<br/>@CLE 127 F,0,0,0,0,0,0,0,0,0,0,0,0,0,0,0,0,0,,,,,,,,
*06pfe*,Trentyn Flowers,LAC,"F,Flx",FA,LAC 122<br/>@CLE 127 F,0,0,0,0,0,0,0,0,0,0,0,0,0,0,0,0,0,,,,,,,,
*06mm5*,PJ Hall,DEN,"C,Flx",FA,,0,0,0,0,0,0,0,0,0,0,0,0,0,0,0,0,0,,,,,,,,
*06him*,Trey Jemison,NO/LAL,"C,Flx",FA,,0,0,0,0,0,0,0,0,0,0,0,0,0,0,0,0,0,,,,,,,,
*06mmh*,Isaac Jones,SAC,"F,Flx",FA,,0,0,0,0,0,0,0,0,0,0,0,0,0,0,0,0,0,,,,,,,,
*06hdy*,Drew Peterson,BOS,"F,Flx",FA,,0,0,0,0,0,0,0,0,0,0,0,0,0,0,0,0,0,,,,,,,,
*06ccx*,Hunter Tyson,DEN,"F,Flx",FA,,0,0,0,0,0,0,0,0,0,0,0,0,0,0,0,0,0,,,,,,,,
*06mma*,Jalen Bridges,PHO,"F,Flx",FA,HOU 148<br/>@PHO 109 F,0,0,0,0,0,0,0,0,0,0,0,0,0,0,0,0,0,,,,,,,,
*06pty*,Keion Brooks,NO,"F,Flx",FA,CHA 94<br/>@NO 98 F,0,0,0,0,0,0,0,0,0,0,0,0,0,0,0,0,0,,,,,,,,
*06cek*,Adama Sanogo,CHI,"C,Flx",FA,,0,0,0,0,0,0,0,0,0,0,0,0,0,0,0,0,0,,,,,,,,
*06rph*,Taran Armstrong,GS,"G,Flx",FA,GS 148<br/>@SA 106 F,0,0,0,0,0,0,0,0,0,0,0,0,0,0,0,0,0,,,,,,,,
*06hfb*,Damion Baugh,CHA,"G,Flx",FA,CHA 94<br/>@NO 98 F,0,0,0,0,0,0,0,0,0,0,0,0,0,0,0,0,0,,,,,,,,
*06mlv*,Tristen Newton,IND/MIN,"G,Flx",FA,DET 104<br/>@MIN 123 F,0,0,0,0,0,0,0,0,0,0,0,0,0,0,0,0,0,,,,,,,,
*0633h*,Pat Spencer,GS,"G,Flx",FA,GS 148<br/>@SA 106 F,0,0,0,0,0,0,0,0,0,0,0,0,0,0,0,0,0,,,,,,,,
*06mme*,Armel Traore,LAL,"F,Flx",FA,,0,0,0,0,0,0,0,0,0,0,0,0,0,0,0,0,0,,,,,,,,
*06rui*,Marcus Bagley,PHI,"F,Flx",FA,TOR 127<br/>@PHI 109 F,0,0,0,0,0,0,0,0,0,0,0,0,0,0,0,0,0,,,,,,,,
*06nv9*,Spencer Jones,DEN,"F,Flx",FA,,0,0,0,0,0,0,0,0,0,0,0,0,0,0,0,0,0,,,,,,,,
*06pvy*,Yuki Kawamura,MEM,"G,Flx",FA,,0,0,0,0,0,0,0,0,0,0,0,0,0,0,0,0,0,,,,,,,,
*06cde*,Chris Livingston,MIL,"F,Flx",FA,ATL 145<br/>@MIL 124 F,0,0,0,0,0,0,0,0,0,0,0,0,0,0,0,0,0,,,,,,,,
*06ceo*,Jaylen Martin,BKN/WAS,"F,Flx",FA,,0,0,0,0,0,0,0,0,0,0,0,0,0,0,0,0,0,,,,,,,,
*03e6m*,Elfrid Payton,NO/CHA,"G,Flx",FA,CHA 94<br/>@NO 98 F,0,0,0,0,0,0,0,0,0,0,0,0,0,0,0,0,0,,,,,,,,
*0623c*,Lester Quinones,PHI/NO,"G,Flx",FA,CHA 94<br/>@NO 98 F,0,0,0,0,0,0,0,0,0,0,0,0,0,0,0,0,0,,,,,,,,
*06pvu*,Alex Reese,OKC/PHI,"F,C,Flx",FA,TOR 127<br/>@PHI 109 F,0,0,0,0,0,0,0,0,0,0,0,0,0,0,0,0,0,,,,,,,,
*06cdb*,Amari Bailey,(N/A),"G,Flx",FA,,0,0,0,0,0,0,0,0,0,0,0,0,0,0,0,0,0,,,,,,,,
*04k0q*,Nigel Hayes,PHO,"F,Flx",FA,,0,0,0,0,0,0,0,0,0,0,0,0,0,0,0,0,0,,,,,,,,
*06cep*,Jacob Toppin,NY/ATL,"F,Flx",FA,ATL 145<br/>@MIL 124 F,0,0,0,0,0,0,0,0,0,0,0,0,0,0,0,0,0,,,,,,,,
*06mm0*,Anton Watson,BOS/NY,"F,Flx",FA,POR 93<br/>@NY 110 F,0,0,0,0,0,0,0,0,0,0,0,0,0,0,0,0,0,,,,,,,,
*065b6*,Ibou Badji,(N/A),"C,Flx",FA,,0,0,0,0,0,0,0,0,0,0,0,0,0,0,0,0,0,,,,,,,,
*06dq7*,Onuralp Bitim,(N/A),"G,Flx",FA,,0,0,0,0,0,0,0,0,0,0,0,0,0,0,0,0,0,,,,,,,,
*06mmg*,Isaiah Crawford,SAC,"F,Flx",FA,,0,0,0,0,0,0,0,0,0,0,0,0,0,0,0,0,0,,,,,,,,
*062do*,Tyson Etienne,BKN,"G,Flx",FA,,0,0,0,0,0,0,0,0,0,0,0,0,0,0,0,0,0,,,,,,,,
*06qdz*,Elijah Harkless,UTA,"G,Flx",FA,,0,0,0,0,0,0,0,0,0,0,0,0,0,0,0,0,0,,,,,,,,
*06mmf*,Daniss Jenkins,DET,"G,Flx",FA,DET 104<br/>@MIN 123 F,0,0,0,0,0,0,0,0,0,0,0,0,0,0,0,0,0,,,,,,,,
*06pst*,Kylor Kelley,DAL/NO,"C,Flx",FA,,0,0,0,0,0,0,0,0,0,0,0,0,0,0,0,0,0,,,,,,,,
*06avs*,Justin Minaya,POR,"F,Flx",FA,POR 93<br/>@NY 110 F,0,0,0,0,0,0,0,0,0,0,0,0,0,0,0,0,0,,,,,,,,
*0622j*,Luke Travers,CLE,"G,Flx",FA,LAC 122<br/>@CLE 127 F,0,0,0,0,0,0,0,0,0,0,0,0,0,0,0,0,0,,,,,,,,
*06ptq*,Max Abmas,(N/A),"G,Flx",FA,,0,0,0,0,0,0,0,0,0,0,0,0,0,0,0,0,0,,,,,,,,
*04qt0*,Kostas Antetokounmpo,(N/A),"F,Flx",FA,,0,0,0,0,0,0,0,0,0,0,0,0,0,0,0,0,0,,,,,,,,
*06pvx*,Armando Bacot,(N/A),"F,C,Flx",FA,,0,0,0,0,0,0,0,0,0,0,0,0,0,0,0,0,0,,,,,,,,
*05qz3*,LiAngelo Ball,(N/A),"G,Flx",FA,,0,0,0,0,0,0,0,0,0,0,0,0,0,0,0,0,0,,,,,,,,
*06pw1*,RayJ Dennis,IND,"G,Flx",FA,,0,0,0,0,0,0,0,0,0,0,0,0,0,0,0,0,0,,,,,,,,
*06mmj*,Alex Ducas,OKC,"G,F,Flx",FA,,0,0,0,0,0,0,0,0,0,0,0,0,0,0,0,0,0,,,,,,,,
*06hrn*,Adam Flagler,OKC,"G,Flx",FA,,0,0,0,0,0,0,0,0,0,0,0,0,0,0,0,0,0,,,,,,,,
*06hi9*,Jazian Gortman,DAL,"G,Flx",FA,,0,0,0,0,0,0,0,0,0,0,0,0,0,0,0,0,0,,,,,,,,
*06cd7*,Keyontae Johnson,(N/A),"F,Flx",FA,,0,0,0,0,0,0,0,0,0,0,0,0,0,0,0,0,0,,,,,,,,
*06ces*,Mojave King,IND,"G,Flx",FA,,0,0,0,0,0,0,0,0,0,0,0,0,0,0,0,0,0,,,,,,,,
*05uuu*,Mac McClung,ORL,"G,Flx",FA,,0,0,0,0,0,0,0,0,0,0,0,0,0,0,0,0,0,,,,,,,,
*06mog*,Riley Minix,SA,"F,Flx",FA,GS 148<br/>@SA 106 F,0,0,0,0,0,0,0,0,0,0,0,0,0,0,0,0,0,,,,,,,,
*064q6*,Daeqwon Plowden,ATL,"G,F,Flx",Fent,ATL 145<br/>@MIL 124 F,0,0,0,0,0,0,0,0,0,0,0,0,0,0,0,0,0,,,,,,,,
*06hil*,Liam Robbins,MIL,"F,C,Flx",FA,,0,0,0,0,0,0,0,0,0,0,0,0,0,0,0,0,0,,,,,,,,
*06mp0*,Isaiah Stevens,MIA,"G,Flx",FA,,0,0,0,0,0,0,0,0,0,0,0,0,0,0,0,0,0,,,,,,,,
*027om*,Tristan Thompson,CLE,"F,C,Flx",FA,LAC 122<br/>@CLE 127 F,0,0,0,0,0,0,0,0,0,0,0,0,0,0,0,0,0,,,,,,,,
*06cd5*,Isaiah Wong,CHA,"G,Flx",FA,,0,0,0,0,0,0,0,0,0,0,0,0,0,0,0,0,0,,,,,,,,
*04fkd*,Alberto Abalde,(N/A),"F,Flx",FA,,0,0,0,0,0,0,0,0,0,0,0,0,0,0,0,0,0,,,,,,,,
*04a9w*,Isaiah Austin,(N/A),"C,Flx",FA,,0,0,0,0,0,0,0,0,0,0,0,0,0,0,0,0,0,,,,,,,,
*063e4*,Awudu Abass,(N/A),"F,Flx",FA,,0,0,0,0,0,0,0,0,0,0,0,0,0,0,0,0,0,,,,,,,,
*031mi*,lex Abrines,OKC,"G,F,Flx",FA,,0,0,0,0,0,0,0,0,0,0,0,0,0,0,0,0,0,,,,,,,,
*02ng1*,Quincy Acy,PHO,"F,Flx",FA,HOU 148<br/>@PHO 109 F,0,0,0,0,0,0,0,0,0,0,0,0,0,0,0,0,0,,,,,,,,
*059ch*,Jalen Adams,(N/A),"G,Flx",FA,,0,0,0,0,0,0,0,0,0,0,0,0,0,0,0,0,0,,,,,,,,
*04rvy*,Jaylen Adams,(N/A),"G,Flx",FA,,0,0,0,0,0,0,0,0,0,0,0,0,0,0,0,0,0,,,,,,,,
*03e6q*,Jordan Adams,(N/A),"G,Flx",FA,,0,0,0,0,0,0,0,0,0,0,0,0,0,0,0,0,0,,,,,,,,
*06238*,Jalen Adaway,(N/A),"G,Flx",FA,,0,0,0,0,0,0,0,0,0,0,0,0,0,0,0,0,0,,,,,,,,
*04vxy*,Deng Adel,(N/A),"C,Flx",FA,,0,0,0,0,0,0,0,0,0,0,0,0,0,0,0,0,0,,,,,,,,
*023tf*,Jeff Adrien,(N/A),"F,Flx",FA,,0,0,0,0,0,0,0,0,0,0,0,0,0,0,0,0,0,,,,,,,,
*0012t*,Arron Afflalo,(N/A),"G,F,Flx",FA,,0,0,0,0,0,0,0,0,0,0,0,0,0,0,0,0,0,,,,,,,,
*0011x*,Maurice Ager,MIN,"G,F,Flx",FA,DET 104<br/>@MIN 123 F,0,0,0,0,0,0,0,0,0,0,0,0,0,0,0,0,0,,,,,,,,
*02wym*,Ronnie Aguilar,(N/A),"C,Flx",FA,,0,0,0,0,0,0,0,0,0,0,0,0,0,0,0,0,0,,,,,,,,
*005kr*,Alexis Ajinca,LAC,"F,C,Flx",FA,LAC 122<br/>@CLE 127 F,0,0,0,0,0,0,0,0,0,0,0,0,0,0,0,0,0,,,,,,,,
*0050f*,Deji Akindele,(N/A),"C,Flx",FA,,0,0,0,0,0,0,0,0,0,0,0,0,0,0,0,0,0,,,,,,,,
*06pw4*,James Akinjo,(N/A),"G,Flx",FA,,0,0,0,0,0,0,0,0,0,0,0,0,0,0,0,0,0,,,,,,,,
*02wre*,Josh Akognon,(N/A),"G,Flx",FA,,0,0,0,0,0,0,0,0,0,0,0,0,0,0,0,0,0,,,,,,,,
*04uq3*,DeVaughn Akoon-Purcell,(N/A),"G,Flx",FA,,0,0,0,0,0,0,0,0,0,0,0,0,0,0,0,0,0,,,,,,,,
*02ngh*,Furkan Aldemir,(N/A),"F,Flx",FA,,0,0,0,0,0,0,0,0,0,0,0,0,0,0,0,0,0,,,,,,,,
*01uyw*,Cole Aldrich,(N/A),"C,Flx",FA,,0,0,0,0,0,0,0,0,0,0,0,0,0,0,0,0,0,,,,,,,,
*0019g*,LaMarcus Aldridge,(N/A),"F,Flx",FA,,0,0,0,0,0,0,0,0,0,0,0,0,0,0,0,0,0,,,,,,,,
*03acw*,Cliff Alexander,(N/A),"F,Flx",FA,,0,0,0,0,0,0,0,0,0,0,0,0,0,0,0,0,0,,,,,,,,
*005kg*,Joe Alexander,(N/A),"F,Flx",FA,,0,0,0,0,0,0,0,0,0,0,0,0,0,0,0,0,0,,,,,,,,
*052h3*,Kyle Alexander,(N/A),"F,Flx",FA,,0,0,0,0,0,0,0,0,0,0,0,0,0,0,0,0,0,,,,,,,,
*05qvw*,Ty-Shon Alexander,(N/A),"G,Flx",FA,,0,0,0,0,0,0,0,0,0,0,0,0,0,0,0,0,0,,,,,,,,
*04lcd*,Bryce Alford,(N/A),"G,Flx",FA,,0,0,0,0,0,0,0,0,0,0,0,0,0,0,0,0,0,,,,,,,,
*04sxx*,Rawle Alkins,(N/A),"G,Flx",FA,,0,0,0,0,0,0,0,0,0,0,0,0,0,0,0,0,0,,,,,,,,
*04exg*,Kadeem Allen,NY,"G,Flx",FA,POR 93<br/>@NY 110 F,0,0,0,0,0,0,0,0,0,0,0,0,0,0,0,0,0,,,,,,,,
*027pz*,Lavoy Allen,(N/A),"F,C,Flx",FA,,0,0,0,0,0,0,0,0,0,0,0,0,0,0,0,0,0,,,,,,,,
*059z0*,Marcus Allen,(N/A),"G,Flx",FA,,0,0,0,0,0,0,0,0,0,0,0,0,0,0,0,0,0,,,,,,,,
*02x1h*,Ryan Allen,(N/A),"G,Flx",FA,,0,0,0,0,0,0,0,0,0,0,0,0,0,0,0,0,0,,,,,,,,
*06ho3*,Timmy Allen,(N/A),"F,Flx",FA,,0,0,0,0,0,0,0,0,0,0,0,0,0,0,0,0,0,,,,,,,,
*00106*,Tony Allen,CHI,"G,F,Flx",FA,,0,0,0,0,0,0,0,0,0,0,0,0,0,0,0,0,0,,,,,,,,
*0055a*,Lance Allred,(N/A),"C,Flx",FA,,0,0,0,0,0,0,0,0,0,0,0,0,0,0,0,0,0,,,,,,,,
*05wvw*,Derrick Alston,(N/A),"G,F,Flx",FA,,0,0,0,0,0,0,0,0,0,0,0,0,0,0,0,0,0,,,,,,,,
*06mos*,Keve Aluma,(N/A),"F,Flx",FA,,0,0,0,0,0,0,0,0,0,0,0,0,0,0,0,0,0,,,,,,,,
*01uyk*,Al-Farouq Aminu,(N/A),"F,Flx",FA,,0,0,0,0,0,0,0,0,0,0,0,0,0,0,0,0,0,,,,,,,,
*0018q*,Louis Amundson,NY,"F,Flx",FA,POR 93<br/>@NY 110 F,0,0,0,0,0,0,0,0,0,0,0,0,0,0,0,0,0,,,,,,,,
*02iuf*,Alan Anderson,(N/A),"G,F,Flx",FA,,0,0,0,0,0,0,0,0,0,0,0,0,0,0,0,0,0,,,,,,,,
*03wqs*,Jake Anderson,(N/A),"G,Flx",FA,,0,0,0,0,0,0,0,0,0,0,0,0,0,0,0,0,0,,,,,,,,
*01uz5*,James Anderson,(N/A),"G,F,Flx",FA,,0,0,0,0,0,0,0,0,0,0,0,0,0,0,0,0,0,,,,,,,,
*03nwr*,Justin Anderson,(N/A),"G,F,Flx",FA,,0,0,0,0,0,0,0,0,0,0,0,0,0,0,0,0,0,,,,,,,,
*005la*,Ryan Anderson,(N/A),"F,C,Flx",FA,,0,0,0,0,0,0,0,0,0,0,0,0,0,0,0,0,0,,,,,,,,
*0480b*,Andrew Andrews,(N/A),"G,Flx",FA,,0,0,0,0,0,0,0,0,0,0,0,0,0,0,0,0,0,,,,,,,,
*04xgi*,Braian Angola-Rodas,(N/A),"G,Flx",FA,,0,0,0,0,0,0,0,0,0,0,0,0,0,0,0,0,0,,,,,,,,
*04exa*,Ike Anigbogu,(N/A),"C,Flx",FA,,0,0,0,0,0,0,0,0,0,0,0,0,0,0,0,0,0,,,,,,,,
*0015v*,Joel Anthony,(N/A),"F,C,Flx",FA,,0,0,0,0,0,0,0,0,0,0,0,0,0,0,0,0,0,,,,,,,,
*033l6*,Pero Antic,(N/A),"C,Flx",FA,,0,0,0,0,0,0,0,0,0,0,0,0,0,0,0,0,0,,,,,,,,
*03kqq*,Keith Appling,ORL,"G,Flx",FA,,0,0,0,0,0,0,0,0,0,0,0,0,0,0,0,0,0,,,,,,,,
*001bw*,Gilbert Arenas,(N/A),"G,Flx",FA,,0,0,0,0,0,0,0,0,0,0,0,0,0,0,0,0,0,,,,,,,,
*0014u*,Trevor Ariza,(N/A),"G,F,Flx",FA,,0,0,0,0,0,0,0,0,0,0,0,0,0,0,0,0,0,,,,,,,,
*065vb*,Adonis Arms,(N/A),"F,Flx",FA,,0,0,0,0,0,0,0,0,0,0,0,0,0,0,0,0,0,,,,,,,,
*0017f*,Hilton Armstrong,GS,"F,C,Flx",FA,GS 148<br/>@SA 106 F,0,0,0,0,0,0,0,0,0,0,0,0,0,0,0,0,0,,,,,,,,
*005km*,Darrell Arthur,(N/A),"F,C,Flx",FA,,0,0,0,0,0,0,0,0,0,0,0,0,0,0,0,0,0,,,,,,,,
*04k0p*,Jamel Artis,(N/A),"F,Flx",FA,,0,0,0,0,0,0,0,0,0,0,0,0,0,0,0,0,0,,,,,,,,
*03sgl*,Brandon Ashley,(N/A),"F,Flx",FA,,0,0,0,0,0,0,0,0,0,0,0,0,0,0,0,0,0,,,,,,,,
*005lh*,Omer Asik,(N/A),"F,C,Flx",FA,,0,0,0,0,0,0,0,0,0,0,0,0,0,0,0,0,0,,,,,,,,
*023zb*,Connor Atchley,(N/A),"F,C,Flx",FA,,0,0,0,0,0,0,0,0,0,0,0,0,0,0,0,0,0,,,,,,,,
*00123*,Chucky Atkins,(N/A),"G,Flx",FA,,0,0,0,0,0,0,0,0,0,0,0,0,0,0,0,0,0,,,,,,,,
*03whv*,Darion Atkins,(N/A),"F,Flx",FA,,0,0,0,0,0,0,0,0,0,0,0,0,0,0,0,0,0,,,,,,,,
*03xmr*,Eric Atkins,(N/A),"G,Flx",FA,,0,0,0,0,0,0,0,0,0,0,0,0,0,0,0,0,0,,,,,,,,
*06hin*,Chase Audiege,WAS,"G,Flx",FA,,0,0,0,0,0,0,0,0,0,0,0,0,0,0,0,0,0,,,,,,,,
*0483i*,Zach Auguste,(N/A),"F,Flx",FA,,0,0,0,0,0,0,0,0,0,0,0,0,0,0,0,0,0,,,,,,,,
*005kh*,D.J. Augustin,(N/A),"G,Flx",FA,,0,0,0,0,0,0,0,0,0,0,0,0,0,0,0,0,0,,,,,,,,
*0018e*,James Augustine,ORL,"F,C,Flx",FA,,0,0,0,0,0,0,0,0,0,0,0,0,0,0,0,0,0,,,,,,,,
*06mod*,Luke Avdalovic,(N/A),"G,Flx",FA,,0,0,0,0,0,0,0,0,0,0,0,0,0,0,0,0,0,,,,,,,,
*048zw*,J.J. Avila,(N/A),"F,Flx",FA,,0,0,0,0,0,0,0,0,0,0,0,0,0,0,0,0,0,,,,,,,,
*02x6j*,Cyril Awere,(N/A),"C,Flx",FA,,0,0,0,0,0,0,0,0,0,0,0,0,0,0,0,0,0,,,,,,,,
*05uur*,Joel Ayayi,(N/A),"G,Flx",FA,,0,0,0,0,0,0,0,0,0,0,0,0,0,0,0,0,0,,,,,,,,
*02h3d*,Gustavo Ayon,(N/A),"F,C,Flx",FA,,0,0,0,0,0,0,0,0,0,0,0,0,0,0,0,0,0,,,,,,,,
*01eoe*,Jeff Ayres,(N/A),"F,C,Flx",FA,,0,0,0,0,0,0,0,0,0,0,0,0,0,0,0,0,0,,,,,,,,
*059dn*,Yudai Baba,(N/A),"F,Flx",FA,,0,0,0,0,0,0,0,0,0,0,0,0,0,0,0,0,0,,,,,,,,
*03wr5*,Jordan Bachynski,(N/A),"C,Flx",FA,,0,0,0,0,0,0,0,0,0,0,0,0,0,0,0,0,0,,,,,,,,
*04ex3*,Dwayne Bacon,(N/A),"G,Flx",FA,,0,0,0,0,0,0,0,0,0,0,0,0,0,0,0,0,0,,,,,,,,
*03e7c*,Cameron Bairstow,(N/A),"F,C,Flx",FA,,0,0,0,0,0,0,0,0,0,0,0,0,0,0,0,0,0,,,,,,,,
*043ck*,Ron Baker,(N/A),"G,Flx",FA,,0,0,0,0,0,0,0,0,0,0,0,0,0,0,0,0,0,,,,,,,,
*048zq*,Gracin Bakumanya,(N/A),"C,Flx",FA,,0,0,0,0,0,0,0,0,0,0,0,0,0,0,0,0,0,,,,,,,,
*042nc*,Wade Baldwin IV,(N/A),"G,Flx",FA,,0,0,0,0,0,0,0,0,0,0,0,0,0,0,0,0,0,,,,,,,,
*0017v*,Renaldo Balkman,(N/A),"F,Flx",FA,,0,0,0,0,0,0,0,0,0,0,0,0,0,0,0,0,0,,,,,,,,
*05wql*,Mitch Ballock,(N/A),"G,Flx",FA,,0,0,0,0,0,0,0,0,0,0,0,0,0,0,0,0,0,,,,,,,,
*05xo0*,James Banks,CHA,"C,Flx",FA,CHA 94<br/>@NO 98 F,0,0,0,0,0,0,0,0,0,0,0,0,0,0,0,0,0,,,,,,,,
*04804*,Anthony Barber,(N/A),"G,Flx",FA,,0,0,0,0,0,0,0,0,0,0,0,0,0,0,0,0,0,,,,,,,,
*00194*,Leandro Barbosa,(N/A),"G,Flx",FA,,0,0,0,0,0,0,0,0,0,0,0,0,0,0,0,0,0,,,,,,,,
*0011y*,J.J. Barea,(N/A),"G,Flx",FA,,0,0,0,0,0,0,0,0,0,0,0,0,0,0,0,0,0,,,,,,,,
*04xhp*,Jaylen Barford,(N/A),"G,Flx",FA,,0,0,0,0,0,0,0,0,0,0,0,0,0,0,0,0,0,,,,,,,,
*001ba*,Andrea Bargnani,BKN,"F,C,Flx",FA,,0,0,0,0,0,0,0,0,0,0,0,0,0,0,0,0,0,,,,,,,,
*00130*,Matt Barnes,(N/A),"G,F,Flx",FA,,0,0,0,0,0,0,0,0,0,0,0,0,0,0,0,0,0,,,,,,,,
*04vy3*,Jordan Barnett,(N/A),"F,Flx",FA,,0,0,0,0,0,0,0,0,0,0,0,0,0,0,0,0,0,,,,,,,,
*0050w*,Andre Barrett,(N/A),"G,Flx",FA,,0,0,0,0,0,0,0,0,0,0,0,0,0,0,0,0,0,,,,,,,,
*05ybb*,Paris Bass,(N/A),"F,Flx",FA,,0,0,0,0,0,0,0,0,0,0,0,0,0,0,0,0,0,,,,,,,,
*0051b*,Esteban Batista,(N/A),"C,Flx",FA,,0,0,0,0,0,0,0,0,0,0,0,0,0,0,0,0,0,,,,,,,,
*005kb*,Michael Beasley,(N/A),"F,Flx",FA,,0,0,0,0,0,0,0,0,0,0,0,0,0,0,0,0,0,,,,,,,,
*06he2*,Charles Bediako,(N/A),"C,Flx",FA,,0,0,0,0,0,0,0,0,0,0,0,0,0,0,0,0,0,,,,,,,,
*065vd*,Jules Bernard,(N/A),"G,Flx",FA,,0,0,0,0,0,0,0,0,0,0,0,0,0,0,0,0,0,,,,,,,,
*0622l*,Hugo Besson,(N/A),"G,Flx",FA,,0,0,0,0,0,0,0,0,0,0,0,0,0,0,0,0,0,,,,,,,,
*06cdi*,Tarik Biberovic,(N/A),"F,Flx",FA,,0,0,0,0,0,0,0,0,0,0,0,0,0,0,0,0,0,,,,,,,,
*06mm9*,DJ Burns,CLE,"F,Flx",FA,LAC 122<br/>@CLE 127 F,0,0,0,0,0,0,0,0,0,0,0,0,0,0,0,0,0,,,,,,,,
*04qsr*,Tony Carr,(N/A),"G,Flx",FA,,0,0,0,0,0,0,0,0,0,0,0,0,0,0,0,0,0,,,,,,,,
*05wvx*,D.J. Carton,TOR,"G,Flx",FA,,0,0,0,0,0,0,0,0,0,0,0,0,0,0,0,0,0,,,,,,,,
*05ujm*,Sharife Cooper,(N/A),"G,Flx",FA,,0,0,0,0,0,0,0,0,0,0,0,0,0,0,0,0,0,,,,,,,,
*06mq1*,Jesse Edwards,MIN,"C,Flx",FA,DET 104<br/>@MIN 123 F,0,0,0,0,0,0,0,0,0,0,0,0,0,0,0,0,0,,,,,,,,
*05wah*,Marcus Garrett,CHA,"G,Flx",FA,,0,0,0,0,0,0,0,0,0,0,0,0,0,0,0,0,0,,,,,,,,
*06mmd*,Blake Hinson,(N/A),"F,Flx",FA,,0,0,0,0,0,0,0,0,0,0,0,0,0,0,0,0,0,,,,,,,,
*05uj8*,Rokas Jokubaitis,(N/A),"G,Flx",FA,,0,0,0,0,0,0,0,0,0,0,0,0,0,0,0,0,0,,,,,,,,
*06mor*,David Jones,UTA,"F,Flx",FA,,0,0,0,0,0,0,0,0,0,0,0,0,0,0,0,0,0,,,,,,,,
*05qy1*,Mason Jones,SAC,"G,Flx",FA,,0,0,0,0,0,0,0,0,0,0,0,0,0,0,0,0,0,,,,,,,,
*06229*,Ismael Kamagate,(N/A),"C,Flx",FA,,0,0,0,0,0,0,0,0,0,0,0,0,0,0,0,0,0,,,,,,,,
*06pu0*,Emanuel Miller,CHI,"F,Flx",FA,,0,0,0,0,0,0,0,0,0,0,0,0,0,0,0,0,0,,,,,,,,
*06gno*,Pete Nance,PHI/MIL,"F,Flx",FA,ATL 145<br/>@MIL 124 F,0,0,0,0,0,0,0,0,0,0,0,0,0,0,0,0,0,,,,,,,,
*05wqk*,RJ Nembhard,(N/A),"G,Flx",FA,,0,0,0,0,0,0,0,0,0,0,0,0,0,0,0,0,0,,,,,,,,
*06mob*,Quincy Olivari,LAL,"G,Flx",FA,,0,0,0,0,0,0,0,0,0,0,0,0,0,0,0,0,0,,,,,,,,
*0621z*,Gabriele Procida,(N/A),"G,Flx",FA,,0,0,0,0,0,0,0,0,0,0,0,0,0,0,0,0,0,,,,,,,,
*06mmr*,Zyon Pullin,MEM,"G,Flx",FA,,0,0,0,0,0,0,0,0,0,0,0,0,0,0,0,0,0,,,,,,,,
*06mo8*,Jackson Rowe,GS,"F,Flx",FA,GS 148<br/>@SA 106 F,0,0,0,0,0,0,0,0,0,0,0,0,0,0,0,0,0,,,,,,,,
*064s6*,Jaylen Sims,CHA,"G,Flx",FA,,0,0,0,0,0,0,0,0,0,0,0,0,0,0,0,0,0,,,,,,,,
*06cdk*,Jalen Slawson,(N/A),"F,Flx",FA,,0,0,0,0,0,0,0,0,0,0,0,0,0,0,0,0,0,,,,,,,,
*06cet*,Terquavion Smith,(N/A),"G,Flx",FA,,0,0,0,0,0,0,0,0,0,0,0,0,0,0,0,0,0,,,,,,,,
*06pwq*,Tolu Smith,DET,"F,C,Flx",FA,DET 104<br/>@MIN 123 F,0,0,0,0,0,0,0,0,0,0,0,0,0,0,0,0,0,,,,,,,,
*0664y*,Nate Williams,HOU,"G,Flx",FA,HOU 148<br/>@PHO 109 F,0,0,0,0,0,0,0,0,0,0,0,0,0,0,0,0,0,,,,,,,,
*06ps5*,Jahmir Young,DEN/CHI,"G,Flx",FA,,0,0,0,0,0,0,0,0,0,0,0,0,0,0,0,0,0,,,,,,,,
*03zl3*,Askia Booker,(N/A),"G,Flx",FA,,0,0,0,0,0,0,0,0,0,0,0,0,0,0,0,0,0,,,,,,,,
*043cm*,Robert Carter Jr.,(N/A),"F,Flx",FA,,0,0,0,0,0,0,0,0,0,0,0,0,0,0,0,0,0,,,,,,,,
*06rur*,Phillip Wheeler,PHI,"F,Flx",FA,TOR 127<br/>@PHI 109 F,0,0,0,0,0,0,0,0,0,0,0,0,0,0,0,0,0,,,,,,,,
*02gzy*,Zach Andrews,(N/A),"F,Flx",FA,,0,0,0,0,0,0,0,0,0,0,0,0,0,0,0,0,0,,,,,,,,
*00129*,Carmelo Anthony,(N/A),"F,Flx",FA,,0,0,0,0,0,0,0,0,0,0,0,0,0,0,0,0,0,,,,,,,,
*0440z*,Ondrej Balvin,(N/A),"C,Flx",FA,,0,0,0,0,0,0,0,0,0,0,0,0,0,0,0,0,0,,,,,,,,
*06mnw*,RaeQuan Battle,CHA,"G,Flx",FA,,0,0,0,0,0,0,0,0,0,0,0,0,0,0,0,0,0,,,,,,,,
*059vt*,Tyus Battle,(N/A),"G,Flx",FA,,0,0,0,0,0,0,0,0,0,0,0,0,0,0,0,0,0,,,,,,,,
*03ku0*,Kadeem Batts,(N/A),"F,Flx",FA,,0,0,0,0,0,0,0,0,0,0,0,0,0,0,0,0,0,,,,,,,,
*05xp2*,Troy Baxter,(N/A),"F,Flx",FA,,0,0,0,0,0,0,0,0,0,0,0,0,0,0,0,0,0,,,,,,,,
*005kj*,Jerryd Bayless,(N/A),"G,Flx",FA,,0,0,0,0,0,0,0,0,0,0,0,0,0,0,0,0,0,,,,,,,,
*02yf5*,Aron Baynes,(N/A),"C,Flx",FA,,0,0,0,0,0,0,0,0,0,0,0,0,0,0,0,0,0,,,,,,,,
*02qe4*,Kent Bazemore,(N/A),"G,F,Flx",FA,,0,0,0,0,0,0,0,0,0,0,0,0,0,0,0,0,0,,,,,,,,
*04jw6*,V.J. Beachem,(N/A),"F,Flx",FA,,0,0,0,0,0,0,0,0,0,0,0,0,0,0,0,0,0,,,,,,,,
*065uu*,Justin Bean,(N/A),"F,Flx",FA,,0,0,0,0,0,0,0,0,0,0,0,0,0,0,0,0,0,,,,,,,,
*05ujj*,Juhann Begarin,(N/A),"G,Flx",FA,,0,0,0,0,0,0,0,0,0,0,0,0,0,0,0,0,0,,,,,,,,
*00138*,Marco Belinelli,(N/A),"G,F,Flx",FA,,0,0,0,0,0,0,0,0,0,0,0,0,0,0,0,0,0,,,,,,,,
*04ex1*,Jordan Bell,(N/A),"C,Flx",FA,,0,0,0,0,0,0,0,0,0,0,0,0,0,0,0,0,0,,,,,,,,
*042ng*,DeAndre Bembry,(N/A),"F,Flx",FA,,0,0,0,0,0,0,0,0,0,0,0,0,0,0,0,0,0,,,,,,,,
*03xmu*,Dragan Bender,GS,"F,C,Flx",FA,GS 148<br/>@SA 106 F,0,0,0,0,0,0,0,0,0,0,0,0,0,0,0,0,0,,,,,,,,
*03kuc*,Jerrelle Benimon,UTA,"F,Flx",FA,,0,0,0,0,0,0,0,0,0,0,0,0,0,0,0,0,0,,,,,,,,
*031lo*,Anthony Bennett,HOU,"F,Flx",FA,HOU 148<br/>@PHO 109 F,0,0,0,0,0,0,0,0,0,0,0,0,0,0,0,0,0,,,,,,,,
*042oa*,Ben Bentil,DAL,"F,Flx",FA,,0,0,0,0,0,0,0,0,0,0,0,0,0,0,0,0,0,,,,,,,,
*04vu0*,Joel Berry II,(N/A),"G,Flx",FA,,0,0,0,0,0,0,0,0,0,0,0,0,0,0,0,0,0,,,,,,,,
*04yvw*,Dairis Bertans,(N/A),"G,Flx",FA,,0,0,0,0,0,0,0,0,0,0,0,0,0,0,0,0,0,,,,,,,,
*059fs*,Javon Bess,(N/A),"G,Flx",FA,,0,0,0,0,0,0,0,0,0,0,0,0,0,0,0,0,0,,,,,,,,
*05qss*,Tyler Bey,(N/A),"F,Flx",FA,,0,0,0,0,0,0,0,0,0,0,0,0,0,0,0,0,0,,,,,,,,
*05xo5*,Giorgi Bezhanishvili,IND,"F,Flx",FA,,0,0,0,0,0,0,0,0,0,0,0,0,0,0,0,0,0,,,,,,,,
*03iy1*,Sim Bhullar,SAC,"C,Flx",FA,,0,0,0,0,0,0,0,0,0,0,0,0,0,0,0,0,0,,,,,,,,
*04xif*,Justin Bibbs,(N/A),"G,Flx",FA,,0,0,0,0,0,0,0,0,0,0,0,0,0,0,0,0,0,,,,,,,,
*0019n*,Mike Bibby,(N/A),"G,Flx",FA,,0,0,0,0,0,0,0,0,0,0,0,0,0,0,0,0,0,,,,,,,,
*00132*,Andris Biedrins,UTA,"C,Flx",FA,,0,0,0,0,0,0,0,0,0,0,0,0,0,0,0,0,0,,,,,,,,
*059ci*,Kavell Bigby-Williams,(N/A),"C,Flx",FA,,0,0,0,0,0,0,0,0,0,0,0,0,0,0,0,0,0,,,,,,,,
*02h04*,Tyrell Biggs,CLE,"F,Flx",FA,LAC 122<br/>@CLE 127 F,0,0,0,0,0,0,0,0,0,0,0,0,0,0,0,0,0,,,,,,,,
*065h6*,Marcus Bingham,(N/A),"F,Flx",FA,,0,0,0,0,0,0,0,0,0,0,0,0,0,0,0,0,0,,,,,,,,
*04exj*,Jabari Bird,(N/A),"G,Flx",FA,,0,0,0,0,0,0,0,0,0,0,0,0,0,0,0,0,0,,,,,,,,
*01uz9*,Nemanja Bjelica,(N/A),"F,Flx",FA,,0,0,0,0,0,0,0,0,0,0,0,0,0,0,0,0,0,,,,,,,,
*06dob*,Leaky Black,(N/A),"F,Flx",FA,,0,0,0,0,0,0,0,0,0,0,0,0,0,0,0,0,0,,,,,,,,
*03jr4*,Tarik Black,(N/A),"F,C,Flx",FA,,0,0,0,0,0,0,0,0,0,0,0,0,0,0,0,0,0,,,,,,,,
*04fke*,James Blackmon Jr.,(N/A),"G,Flx",FA,,0,0,0,0,0,0,0,0,0,0,0,0,0,0,0,0,0,,,,,,,,
*023z2*,Marqus Blakely,LAC,"F,Flx",FA,LAC 122<br/>@CLE 127 F,0,0,0,0,0,0,0,0,0,0,0,0,0,0,0,0,0,,,,,,,,
*04ggl*,Antonio Blakeney,(N/A),"G,Flx",FA,,0,0,0,0,0,0,0,0,0,0,0,0,0,0,0,0,0,,,,,,,,
*01uyx*,Eric Bledsoe,(N/A),"G,Flx",FA,,0,0,0,0,0,0,0,0,0,0,0,0,0,0,0,0,0,,,,,,,,
*059q8*,Keljin Blevins,(N/A),"G,Flx",FA,,0,0,0,0,0,0,0,0,0,0,0,0,0,0,0,0,0,,,,,,,,
*04exm*,Jaron Blossomgame,(N/A),"F,Flx",FA,,0,0,0,0,0,0,0,0,0,0,0,0,0,0,0,0,0,,,,,,,,
*0393h*,Vander Blue,(N/A),"G,Flx",FA,,0,0,0,0,0,0,0,0,0,0,0,0,0,0,0,0,0,,,,,,,,
*04sax*,Trevon Bluiett,(N/A),"G,Flx",FA,,0,0,0,0,0,0,0,0,0,0,0,0,0,0,0,0,0,,,,,,,,
*059y5*,Bennie Boatwright,(N/A),"F,Flx",FA,,0,0,0,0,0,0,0,0,0,0,0,0,0,0,0,0,0,,,,,,,,
*00166*,Andrew Bogut,(N/A),"C,Flx",FA,,0,0,0,0,0,0,0,0,0,0,0,0,0,0,0,0,0,,,,,,,,
*04ewz*,Jonah Bolden,PHO,"F,Flx",FA,HOU 148<br/>@PHO 109 F,0,0,0,0,0,0,0,0,0,0,0,0,0,0,0,0,0,,,,,,,,
*059q2*,Marques Bolden,(N/A),"C,Flx",FA,,0,0,0,0,0,0,0,0,0,0,0,0,0,0,0,0,0,,,,,,,,
*042ob*,Joel Bolomboy,(N/A),"F,Flx",FA,,0,0,0,0,0,0,0,0,0,0,0,0,0,0,0,0,0,,,,,,,,
*04xmx*,Tim Bond,(N/A),"G,Flx",FA,,0,0,0,0,0,0,0,0,0,0,0,0,0,0,0,0,0,,,,,,,,
*051q1*,Jordan Bone,(N/A),"G,Flx",FA,,0,0,0,0,0,0,0,0,0,0,0,0,0,0,0,0,0,,,,,,,,
*04qsg*,Isaac Bonga,(N/A),"G,Flx",FA,,0,0,0,0,0,0,0,0,0,0,0,0,0,0,0,0,0,,,,,,,,
*001ad*,Matt Bonner,(N/A),"F,C,Flx",FA,,0,0,0,0,0,0,0,0,0,0,0,0,0,0,0,0,0,,,,,,,,
*01uys*,Trevor Booker,(N/A),"F,C,Flx",FA,,0,0,0,0,0,0,0,0,0,0,0,0,0,0,0,0,0,,,,,,,,
*059gh*,Phil Booth,(N/A),"G,Flx",FA,,0,0,0,0,0,0,0,0,0,0,0,0,0,0,0,0,0,,,,,,,,
*001bi*,Carlos Boozer,(N/A),"F,C,Flx",FA,,0,0,0,0,0,0,0,0,0,0,0,0,0,0,0,0,0,,,,,,,,
*001b3*,Chris Bosh,(N/A),"F,C,Flx",FA,,0,0,0,0,0,0,0,0,0,0,0,0,0,0,0,0,0,,,,,,,,
*06exl*,Souley Boum,(N/A),"G,Flx",FA,,0,0,0,0,0,0,0,0,0,0,0,0,0,0,0,0,0,,,,,,,,
*05qyz*,Jordan Bowden,(N/A),"G,Flx",FA,,0,0,0,0,0,0,0,0,0,0,0,0,0,0,0,0,0,,,,,,,,
*059ce*,Brian Bowen,(N/A),"G,F,Flx",FA,,0,0,0,0,0,0,0,0,0,0,0,0,0,0,0,0,0,,,,,,,,
*00177*,Ryan Bowen,(N/A),"F,Flx",FA,,0,0,0,0,0,0,0,0,0,0,0,0,0,0,0,0,0,,,,,,,,
*059fx*,Ky Bowman,(N/A),"G,Flx",FA,,0,0,0,0,0,0,0,0,0,0,0,0,0,0,0,0,0,,,,,,,,
*01uyd*,Avery Bradley,(N/A),"G,Flx",FA,,0,0,0,0,0,0,0,0,0,0,0,0,0,0,0,0,0,,,,,,,,
*06mnu*,Pedro Bradshaw,(N/A),"F,Flx",FA,,0,0,0,0,0,0,0,0,0,0,0,0,0,0,0,0,0,,,,,,,,
*051pr*,Ignas Brazdeikis,ORL,"F,Flx",FA,,0,0,0,0,0,0,0,0,0,0,0,0,0,0,0,0,0,,,,,,,,
*0016o*,Corey Brewer,(N/A),"G,F,Flx",FA,,0,0,0,0,0,0,0,0,0,0,0,0,0,0,0,0,0,,,,,,,,
*05l9e*,Corey Brewer,SAC,"G,Flx",FA,,0,0,0,0,0,0,0,0,0,0,0,0,0,0,0,0,0,,,,,,,,
*001bn*,Ronnie Brewer,(N/A),"G,F,Flx",FA,,0,0,0,0,0,0,0,0,0,0,0,0,0,0,0,0,0,,,,,,,,
*04lbx*,Amida Brimah,(N/A),"C,Flx",FA,,0,0,0,0,0,0,0,0,0,0,0,0,0,0,0,0,0,,,,,,,,
*04l1o*,Isaiah Briscoe,(N/A),"G,Flx",FA,,0,0,0,0,0,0,0,0,0,0,0,0,0,0,0,0,0,,,,,,,,
*064s9*,Izaiah Brockington,(N/A),"G,Flx",FA,,0,0,0,0,0,0,0,0,0,0,0,0,0,0,0,0,0,,,,,,,,
*04tk0*,Ryan Broekhoff,(N/A),"G,F,Flx",FA,,0,0,0,0,0,0,0,0,0,0,0,0,0,0,0,0,0,,,,,,,,
*058n6*,Armoni Brooks,(N/A),"G,Flx",FA,,0,0,0,0,0,0,0,0,0,0,0,0,0,0,0,0,0,,,,,,,,
*065us*,Garrison Brooks,(N/A),"F,Flx",FA,,0,0,0,0,0,0,0,0,0,0,0,0,0,0,0,0,0,,,,,,,,
*027pa*,MarShon Brooks,(N/A),"G,F,Flx",FA,,0,0,0,0,0,0,0,0,0,0,0,0,0,0,0,0,0,,,,,,,,
*059vu*,Barry Brown Jr.,(N/A),"G,Flx",FA,,0,0,0,0,0,0,0,0,0,0,0,0,0,0,0,0,0,,,,,,,,
*03e7d*,Alec Brown,(N/A),"C,Flx",FA,,0,0,0,0,0,0,0,0,0,0,0,0,0,0,0,0,0,,,,,,,,
*03r7o*,Anthony Brown,(N/A),"F,Flx",FA,,0,0,0,0,0,0,0,0,0,0,0,0,0,0,0,0,0,,,,,,,,
*00qrq*,Bobby Brown,PHO,"G,Flx",FA,HOU 148<br/>@PHO 109 F,0,0,0,0,0,0,0,0,0,0,0,0,0,0,0,0,0,,,,,,,,
*059g4*,Bryce Brown,(N/A),"G,Flx",FA,,0,0,0,0,0,0,0,0,0,0,0,0,0,0,0,0,0,,,,,,,,
*059cd*,Charlie Brown,(N/A),"G,Flx",FA,,0,0,0,0,0,0,0,0,0,0,0,0,0,0,0,0,0,,,,,,,,
*05uut*,Chaundee Brown,(N/A),"G,Flx",FA,,0,0,0,0,0,0,0,0,0,0,0,0,0,0,0,0,0,,,,,,,,
*063cz*,Gabe Brown,(N/A),"F,Flx",FA,,0,0,0,0,0,0,0,0,0,0,0,0,0,0,0,0,0,,,,,,,,
*03kqr*,Jabari Brown,(N/A),"G,Flx",FA,,0,0,0,0,0,0,0,0,0,0,0,0,0,0,0,0,0,,,,,,,,
*031n2*,Lorenzo Brown,(N/A),"G,Flx",FA,,0,0,0,0,0,0,0,0,0,0,0,0,0,0,0,0,0,,,,,,,,
*03e78*,Markel Brown,OKC,"G,Flx",FA,,0,0,0,0,0,0,0,0,0,0,0,0,0,0,0,0,0,,,,,,,,
*0011j*,Shannon Brown,MIA,"G,Flx",FA,,0,0,0,0,0,0,0,0,0,0,0,0,0,0,0,0,0,,,,,,,,
*0666e*,Tevin Brown,(N/A),"G,Flx",FA,,0,0,0,0,0,0,0,0,0,0,0,0,0,0,0,0,0,,,,,,,,
*0393r*,Justin Brownlee,NY,"F,Flx",FA,POR 93<br/>@NY 110 F,0,0,0,0,0,0,0,0,0,0,0,0,0,0,0,0,0,,,,,,,,
*043vz*,Nicolas Brussino,(N/A),"G,F,Flx",FA,,0,0,0,0,0,0,0,0,0,0,0,0,0,0,0,0,0,,,,,,,,
*05s01*,Elijah Bryant,(N/A),"G,F,Flx",FA,,0,0,0,0,0,0,0,0,0,0,0,0,0,0,0,0,0,,,,,,,,
*05r0f*,Shaq Buchanan,(N/A),"G,Flx",FA,,0,0,0,0,0,0,0,0,0,0,0,0,0,0,0,0,0,,,,,,,,
*06qq7*,Boo Buie,NY,"G,Flx",FA,,0,0,0,0,0,0,0,0,0,0,0,0,0,0,0,0,0,,,,,,,,
*031lw*,Trey Burke,(N/A),"G,Flx",FA,,0,0,0,0,0,0,0,0,0,0,0,0,0,0,0,0,0,,,,,,,,
*05xok*,Jordan Burns,(N/A),"G,Flx",FA,,0,0,0,0,0,0,0,0,0,0,0,0,0,0,0,0,0,,,,,,,,
*03kt8*,Deonte Burton,(N/A),"G,Flx",FA,,0,0,0,0,0,0,0,0,0,0,0,0,0,0,0,0,0,,,,,,,,
*06mp1*,JC Butler,(N/A),"F,Flx",FA,,0,0,0,0,0,0,0,0,0,0,0,0,0,0,0,0,0,,,,,,,,
*02h01*,Dwight Buycks,(N/A),"G,Flx",FA,,0,0,0,0,0,0,0,0,0,0,0,0,0,0,0,0,0,,,,,,,,
*03e6o*,Bruno Caboclo,(N/A),"F,Flx",FA,,0,0,0,0,0,0,0,0,0,0,0,0,0,0,0,0,0,,,,,,,,
*059cc*,Devontae Cacok,(N/A),"F,Flx",FA,,0,0,0,0,0,0,0,0,0,0,0,0,0,0,0,0,0,,,,,,,,
*0051u*,Justin Cage,(N/A),"F,Flx",FA,,0,0,0,0,0,0,0,0,0,0,0,0,0,0,0,0,0,,,,,,,,
*001b9*,Jose Calderon,(N/A),"G,Flx",FA,,0,0,0,0,0,0,0,0,0,0,0,0,0,0,0,0,0,,,,,,,,
*059q9*,Perrion Callandret,(N/A),"G,Flx",FA,,0,0,0,0,0,0,0,0,0,0,0,0,0,0,0,0,0,,,,,,,,
*00120*,Marcus Camby,(N/A),"F,C,Flx",FA,,0,0,0,0,0,0,0,0,0,0,0,0,0,0,0,0,0,,,,,,,,
*031mk*,Isaiah Canaan,MIL,"G,Flx",FA,ATL 145<br/>@MIL 124 F,0,0,0,0,0,0,0,0,0,0,0,0,0,0,0,0,0,,,,,,,,
*0051e*,Nik Caner-Medley,(N/A),"F,Flx",FA,,0,0,0,0,0,0,0,0,0,0,0,0,0,0,0,0,0,,,,,,,,
*059vy*,Devin Cannady,(N/A),"G,Flx",FA,,0,0,0,0,0,0,0,0,0,0,0,0,0,0,0,0,0,,,,,,,,
*052u4*,Jordan Caroline,(N/A),"F,Flx",FA,,0,0,0,0,0,0,0,0,0,0,0,0,0,0,0,0,0,,,,,,,,
*04xl5*,Phillip Carr,(N/A),"F,Flx",FA,,0,0,0,0,0,0,0,0,0,0,0,0,0,0,0,0,0,,,,,,,,
*01enq*,DeMarre Carroll,(N/A),"F,Flx",FA,,0,0,0,0,0,0,0,0,0,0,0,0,0,0,0,0,0,,,,,,,,
*04vu1*,Jeffrey Carroll,(N/A),"G,Flx",FA,,0,0,0,0,0,0,0,0,0,0,0,0,0,0,0,0,0,,,,,,,,
*0010i*,Matt Carroll,(N/A),"G,F,Flx",FA,,0,0,0,0,0,0,0,0,0,0,0,0,0,0,0,0,0,,,,,,,,
*03x59*,Sampson Carter,(N/A),"F,Flx",FA,,0,0,0,0,0,0,0,0,0,0,0,0,0,0,0,0,0,,,,,,,,
*023z7*,Tweety Carter,(N/A),"G,Flx",FA,,0,0,0,0,0,0,0,0,0,0,0,0,0,0,0,0,0,,,,,,,,
*0016s*,Vince Carter,(N/A),"G,F,Flx",FA,,0,0,0,0,0,0,0,0,0,0,0,0,0,0,0,0,0,,,,,,,,
*01ng9*,Warren Carter,(N/A),"F,Flx",FA,,0,0,0,0,0,0,0,0,0,0,0,0,0,0,0,0,0,,,,,,,,
*031ly*,Michael Carter-Williams,(N/A),"G,Flx",FA,,0,0,0,0,0,0,0,0,0,0,0,0,0,0,0,0,0,,,,,,,,
*03wlh*,Kyle Casey,(N/A),"F,Flx",FA,,0,0,0,0,0,0,0,0,0,0,0,0,0,0,0,0,0,,,,,,,,
*01eoi*,Omri Casspi,(N/A),"F,Flx",FA,,0,0,0,0,0,0,0,0,0,0,0,0,0,0,0,0,0,,,,,,,,
*03apz*,Willie Cauley-Stein,(N/A),"C,Flx",FA,,0,0,0,0,0,0,0,0,0,0,0,0,0,0,0,0,0,,,,,,,,
*04kjg*,Troy Caupain,(N/A),"G,Flx",FA,,0,0,0,0,0,0,0,0,0,0,0,0,0,0,0,0,0,,,,,,,,
*04kpp*,Tyler Cavanaugh,(N/A),"F,C,Flx",FA,,0,0,0,0,0,0,0,0,0,0,0,0,0,0,0,0,0,,,,,,,,
*05qzv*,Ahmad Caver,(N/A),"G,Flx",FA,,0,0,0,0,0,0,0,0,0,0,0,0,0,0,0,0,0,,,,,,,,
*06cnb*,Malcolm Cazalon,(N/A),"G,Flx",FA,,0,0,0,0,0,0,0,0,0,0,0,0,0,0,0,0,0,,,,,,,,
*005kn*,Mario Chalmers,(N/A),"G,Flx",FA,,0,0,0,0,0,0,0,0,0,0,0,0,0,0,0,0,0,,,,,,,,
*00179*,Tyson Chandler,(N/A),"C,Flx",FA,,0,0,0,0,0,0,0,0,0,0,0,0,0,0,0,0,0,,,,,,,,
*0017y*,Wilson Chandler,(N/A),"F,Flx",FA,,0,0,0,0,0,0,0,0,0,0,0,0,0,0,0,0,0,,,,,,,,
*06ho6*,Yuri Collins,GS,"G,Flx",FA,,0,0,0,0,0,0,0,0,0,0,0,0,0,0,0,0,0,,,,,,,,
*06ppp*,Yongxi Cui,BKN,"G,Flx",FA,,0,0,0,0,0,0,0,0,0,0,0,0,0,0,0,0,0,,,,,,,,
*06cen*,Caleb Daniels,(N/A),"G,Flx",FA,,0,0,0,0,0,0,0,0,0,0,0,0,0,0,0,0,0,,,,,,,,
*03wow*,Nnanna Egwu,(N/A),"C,Flx",FA,,0,0,0,0,0,0,0,0,0,0,0,0,0,0,0,0,0,,,,,,,,
*06pw5*,Boogie Ellis,(N/A),"G,Flx",FA,,0,0,0,0,0,0,0,0,0,0,0,0,0,0,0,0,0,,,,,,,,
*0623g*,Michael Foster,(N/A),"F,Flx",FA,,0,0,1,0,0,0,0,0,0,0,0,0,0,0,0,0,0,,,,,,,,
*062k1*,Javon Freeman-Liberty,(N/A),"G,Flx",FA,,0,0,0,0,0,0,0,0,0,0,0,0,0,0,0,0,0,,,,,,,,
*005ke*,Danilo Gallinari,(N/A),"F,Flx",FA,,0,0,0,0,0,0,0,0,0,0,0,0,0,0,0,0,0,,,,,,,,
*03xmw*,Harry Giles,(N/A),"C,Flx",FA,,0,0,0,0,0,0,0,0,0,0,0,0,0,0,0,0,0,,,,,,,,
*063u8*,Mouhamadou Gueye,(N/A),"F,Flx",FA,,0,0,0,0,0,0,0,0,0,0,0,0,0,0,0,0,0,,,,,,,,
*05quf*,Ashton Hagans,(N/A),"G,Flx",FA,,0,0,0,0,0,0,0,0,0,0,0,0,0,0,0,0,0,,,,,,,,
*059fv*,Ahmed Hill,(N/A),"G,Flx",FA,,0,0,0,0,0,0,0,0,0,0,0,0,0,0,0,0,0,,,,,,,,
*0016w*,Richard Jefferson,(N/A),"G,F,Flx",FA,,0,0,0,0,0,0,0,0,0,0,0,0,0,0,0,0,0,,,,,,,,
*05ujy*,Georgios Kalaitzakis,(N/A),"F,Flx",FA,,0,0,0,0,0,0,0,0,0,0,0,0,0,0,0,0,0,,,,,,,,
*001be*,Andrei Kirilenko,(N/A),"F,Flx",FA,,0,0,0,0,0,0,0,0,0,0,0,0,0,0,0,0,0,,,,,,,,
*05ujv*,Balsa Koprivica,(N/A),"C,Flx",FA,,0,0,0,0,0,0,0,0,0,0,0,0,0,0,0,0,0,,,,,,,,
*042np*,Skal Labissiere,SAC,"F,C,Flx",FA,,0,0,0,0,0,0,0,0,0,0,0,0,0,0,0,0,0,,,,,,,,
*06pvs*,Malevy Leons,OKC,"F,Flx",FA,,0,0,0,0,0,0,0,0,0,0,0,0,0,0,0,0,0,,,,,,,,
*04exd*,Mathias Lessort,(N/A),"F,Flx",FA,,0,0,0,0,0,0,0,0,0,0,0,0,0,0,0,0,0,,,,,,,,
*06cd0*,Seth Lundy,ATL/LAC,"F,Flx",FA,LAC 122<br/>@CLE 127 F,0,0,0,0,0,0,0,0,0,0,0,0,0,0,0,0,0,,,,,,,,
*05qt2*,Yam Madar,(N/A),"G,Flx",FA,,0,0,0,0,0,0,0,0,0,0,0,0,0,0,0,0,0,,,,,,,,
*05qtu*,Skylar Mays,(N/A),"G,Flx",FA,,0,0,0,0,0,0,0,0,0,0,0,0,0,0,0,0,0,,,,,,,,
*06muu*,Jack McVeigh,HOU,"F,Flx",FA,HOU 148<br/>@PHO 109 F,0,0,0,0,0,0,0,0,0,0,0,0,0,0,0,0,0,,,,,,,,
*06hdz*,Nathan Mensah,(N/A),"F,C,Flx",FA,,0,0,0,0,0,0,0,0,0,0,0,0,0,0,0,0,0,,,,,,,,
*06mou*,Judah Mintz,(N/A),"G,Flx",FA,,0,0,0,0,0,0,0,0,0,0,0,0,0,0,0,0,0,,,,,,,,
*06ho4*,Taze Moore,POR,"G,Flx",FA,,0,0,0,0,0,0,0,0,0,0,0,0,0,0,0,0,0,,,,,,,,
*03llw*,Malik Newman,(N/A),"G,Flx",FA,,0,0,0,0,0,0,0,0,0,0,0,0,0,0,0,0,0,,,,,,,,
*06cp3*,Miles Norris,BOS,"F,Flx",FA,,0,0,0,0,0,0,0,0,0,0,0,0,0,0,0,0,0,,,,,,,,
*06cer*,Markquis Nowell,(N/A),"G,Flx",FA,,0,0,0,0,0,0,0,0,0,0,0,0,0,0,0,0,0,,,,,,,,
*0622h*,Yannick Nzosa,(N/A),"C,Flx",FA,,0,0,0,0,0,0,0,0,0,0,0,0,0,0,0,0,0,,,,,,,,
*0017z*,Bo Outlaw,(N/A),"F,Flx",FA,,0,0,0,0,0,0,0,0,0,0,0,0,0,0,0,0,0,,,,,,,,
*051pl*,Eric Paschall,(N/A),"F,Flx",FA,,0,0,0,0,0,0,0,0,0,0,0,0,0,0,0,0,0,,,,,,,,
*05qtx*,Jahmius Ramsey,(N/A),"G,Flx",FA,,0,0,0,0,0,0,0,0,0,0,0,0,0,0,0,0,0,,,,,,,,
*06mo9*,Mantas Rubstavicius,GS,"G,Flx",FA,GS 148<br/>@SA 106 F,0,0,0,0,0,0,0,0,0,0,0,0,0,0,0,0,0,,,,,,,,
*0666c*,Jermaine Samuels,(N/A),"F,Flx",FA,,0,0,0,0,0,0,0,0,0,0,0,0,0,0,0,0,0,,,,,,,,
*06nz5*,Jamarion Sharp,(N/A),"C,Flx",FA,,0,0,0,0,0,0,0,0,0,0,0,0,0,0,0,0,0,,,,,,,,
*05qtz*,Zavier Simpson,CHA,"G,Flx",FA,CHA 94<br/>@NO 98 F,0,0,0,0,0,0,0,0,0,0,0,0,0,0,0,0,0,,,,,,,,
*0622d*,Matteo Spagnolo,(N/A),"G,Flx",FA,,0,0,0,0,0,0,0,0,0,0,0,0,0,0,0,0,0,,,,,,,,
*06hso*,Jake Stephens,CHA,"C,Flx",FA,CHA 94<br/>@NO 98 F,0,0,0,0,0,0,0,0,0,0,0,0,0,0,0,0,0,,,,,,,,
*03ku8*,David Stockton,(N/A),"G,Flx",FA,,0,0,0,0,0,0,0,0,0,0,0,0,0,0,0,0,0,,,,,,,,
*06prl*,NaeQwan Tomlin,CLE,"F,Flx",FA,LAC 122<br/>@CLE 127 F,0,0,0,0,0,0,0,0,0,0,0,0,0,0,0,0,0,,,,,,,,
*04exk*,Aleksandar Vezenkov,(N/A),"F,Flx",FA,,0,0,0,0,0,0,0,0,0,0,0,0,0,0,0,0,0,,,,,,,,
*065px*,Trevion Williams,(N/A),"F,C,Flx",FA,,0,0,0,0,0,0,0,0,0,0,0,0,0,0,0,0,0,,,,,,,,
*05qua*,Cassius Winston,WAS,"G,Flx",FA,,0,0,0,0,0,0,0,0,0,0,0,0,0,0,0,0,0,,,,,,,,
*0666f*,Eli Brooks,(N/A),"G,Flx",FA,,0,0,0,0,0,0,0,0,0,0,0,0,0,0,0,0,0,,,,,,,,
*01uzj*,Derrick Caracter,(N/A),"F,Flx",FA,,0,0,0,0,0,0,0,0,0,0,0,0,0,0,0,0,0,,,,,,,,
*004zn*,Brian Chase,(N/A),"G,Flx",FA,,0,0,0,0,0,0,0,0,0,0,0,0,0,0,0,0,0,,,,,,,,
*04xhq*,Joe Chealey,(N/A),"G,Flx",FA,,0,0,0,0,0,0,0,0,0,0,0,0,0,0,0,0,0,,,,,,,,
*0554x*,Zylan Cheatham,(N/A),"F,Flx",FA,,0,0,0,0,0,0,0,0,0,0,0,0,0,0,0,0,0,,,,,,,,
*0051n*,Eric Chenowith,(N/A),"C,Flx",FA,,0,0,0,0,0,0,0,0,0,0,0,0,0,0,0,0,0,,,,,,,,
*03h91*,Will Cherry,(N/A),"G,Flx",FA,,0,0,0,0,0,0,0,0,0,0,0,0,0,0,0,0,0,,,,,,,,
*05qzi*,Yoeli Childs,(N/A),"F,Flx",FA,,0,0,0,0,0,0,0,0,0,0,0,0,0,0,0,0,0,,,,,,,,
*04xgm*,Chris Chiozza,(N/A),"G,Flx",FA,,0,0,0,0,0,0,0,0,0,0,0,0,0,0,0,0,0,,,,,,,,
*042n5*,Marquese Chriss,(N/A),"F,Flx",FA,,0,0,0,0,0,0,0,0,0,0,0,0,0,0,0,0,0,,,,,,,,
*03r7q*,Rakeem Christmas,(N/A),"F,Flx",FA,,0,0,0,0,0,0,0,0,0,0,0,0,0,0,0,0,0,,,,,,,,
*0390d*,Patrick Christopher,(N/A),"G,Flx",FA,,0,0,0,0,0,0,0,0,0,0,0,0,0,0,0,0,0,,,,,,,,
*04ug6*,Gary Clark,(N/A),"F,Flx",FA,,0,0,0,0,0,0,0,0,0,0,0,0,0,0,0,0,0,,,,,,,,
*033h9*,Ian Clark,(N/A),"G,Flx",FA,,0,0,0,0,0,0,0,0,0,0,0,0,0,0,0,0,0,,,,,,,,
*06hsm*,Kihei Clark,(N/A),"G,Flx",FA,,0,0,0,0,0,0,0,0,0,0,0,0,0,0,0,0,0,,,,,,,,
*03woy*,Coty Clarke,BOS,"F,Flx",FA,,0,0,0,0,0,0,0,0,0,0,0,0,0,0,0,0,0,,,,,,,,
*04hot*,Gian Clavell,(N/A),"G,Flx",FA,,0,0,0,0,0,0,0,0,0,0,0,0,0,0,0,0,0,,,,,,,,
*01eod*,Victor Claver,(N/A),"G,F,Flx",FA,,0,0,0,0,0,0,0,0,0,0,0,0,0,0,0,0,0,,,,,,,,
*000zm*,Speedy Claxton,(N/A),"G,Flx",FA,,0,0,0,0,0,0,0,0,0,0,0,0,0,0,0,0,0,,,,,,,,
*0570u*,Chris Clemons,(N/A),"G,Flx",FA,,0,0,0,0,0,0,0,0,0,0,0,0,0,0,0,0,0,,,,,,,,
*04laz*,Antonius Cleveland,(N/A),"G,Flx",FA,,0,0,0,0,0,0,0,0,0,0,0,0,0,0,0,0,0,,,,,,,,
*027pd*,Norris Cole,(N/A),"G,Flx",FA,,0,0,0,0,0,0,0,0,0,0,0,0,0,0,0,0,0,,,,,,,,
*05xac*,Matt Coleman,(N/A),"G,Flx",FA,,0,0,0,0,0,0,0,0,0,0,0,0,0,0,0,0,0,,,,,,,,
*044ia*,Kyle Collinsworth,(N/A),"G,Flx",FA,,0,0,0,0,0,0,0,0,0,0,0,0,0,0,0,0,0,,,,,,,,
*01eo2*,Darren Collison,(N/A),"G,Flx",FA,,0,0,0,0,0,0,0,0,0,0,0,0,0,0,0,0,0,,,,,,,,
*04xhu*,Bonzie Colson,(N/A),"F,Flx",FA,,0,0,0,0,0,0,0,0,0,0,0,0,0,0,0,0,0,,,,,,,,
*06aw1*,Chance Comanche,(N/A),"C,Flx",FA,,0,0,0,0,0,0,0,0,0,0,0,0,0,0,0,0,0,,,,,,,,
*06giy*,George Conditt,(N/A),"F,Flx",FA,,0,0,0,0,0,0,0,0,0,0,0,0,0,0,0,0,0,,,,,,,,
*00523*,Will Conroy,(N/A),"G,Flx",FA,,0,0,0,0,0,0,0,0,0,0,0,0,0,0,0,0,0,,,,,,,,
*0484m*,Elgin Cook,(N/A),"F,Flx",FA,,0,0,0,0,0,0,0,0,0,0,0,0,0,0,0,0,0,,,,,,,,
*05qzl*,Keandre Cook,(N/A),"G,Flx",FA,,0,0,0,0,0,0,0,0,0,0,0,0,0,0,0,0,0,,,,,,,,
*03xh1*,Quinn Cook,(N/A),"G,Flx",FA,,0,0,0,0,0,0,0,0,0,0,0,0,0,0,0,0,0,,,,,,,,
*057ot*,Tyler Cook,(N/A),"F,Flx",FA,,0,0,0,0,0,0,0,0,0,0,0,0,0,0,0,0,0,,,,,,,,
*048zr*,Derek Cooke Jr.,(N/A),"F,Flx",FA,,0,0,0,0,0,0,0,0,0,0,0,0,0,0,0,0,0,,,,,,,,
*04is9*,Charles Cooke,MIA,"G,Flx",FA,,0,0,0,0,0,0,0,0,0,0,0,0,0,0,0,0,0,,,,,,,,
*06fzs*,Javonte Cooke,(N/A),"G,Flx",FA,,0,0,0,0,0,0,0,0,0,0,0,0,0,0,0,0,0,,,,,,,,
*03j8m*,Jack Cooley,(N/A),"F,C,Flx",FA,,0,0,0,0,0,0,0,0,0,0,0,0,0,0,0,0,0,,,,,,,,
*02oiz*,Chris Copeland,(N/A),"F,Flx",FA,,0,0,0,0,0,0,0,0,0,0,0,0,0,0,0,0,0,,,,,,,,
*042oc*,Petr Cornelie,(N/A),"F,Flx",FA,,0,0,0,0,0,0,0,0,0,0,0,0,0,0,0,0,0,,,,,,,,
*04838*,Matt Costello,(N/A),"F,Flx",FA,,0,0,0,0,0,0,0,0,0,0,0,0,0,0,0,0,0,,,,,,,,
*03i9w*,Bryce Cotton,(N/A),"G,Flx",FA,,0,0,0,0,0,0,0,0,0,0,0,0,0,0,0,0,0,,,,,,,,
*023tq*,Marcus Cousin,(N/A),"C,Flx",FA,,0,0,0,0,0,0,0,0,0,0,0,0,0,0,0,0,0,,,,,,,,
*01uz3*,DeMarcus Cousins,(N/A),"C,Flx",FA,,0,0,0,0,0,0,0,0,0,0,0,0,0,0,0,0,0,,,,,,,,
*042oi*,Isaiah Cousins,(N/A),"G,Flx",FA,,0,0,0,0,0,0,0,0,0,0,0,0,0,0,0,0,0,,,,,,,,
*049lf*,Jaleel Cousins,(N/A),"C,Flx",FA,,0,0,0,0,0,0,0,0,0,0,0,0,0,0,0,0,0,,,,,,,,
*031mh*,Allen Crabbe,(N/A),"G,F,Flx",FA,,0,0,0,0,0,0,0,0,0,0,0,0,0,0,0,0,0,,,,,,,,
*03jvr*,Aaron Craft,(N/A),"G,Flx",FA,,0,0,0,0,0,0,0,0,0,0,0,0,0,0,0,0,0,,,,,,,,
*03ktw*,Chris Crawford,(N/A),"G,Flx",FA,,0,0,0,0,0,0,0,0,0,0,0,0,0,0,0,0,0,,,,,,,,
*03ku1*,Drew Crawford,(N/A),"G,Flx",FA,,0,0,0,0,0,0,0,0,0,0,0,0,0,0,0,0,0,,,,,,,,
*0017n*,Jamal Crawford,(N/A),"G,F,Flx",FA,,0,0,0,0,0,0,0,0,0,0,0,0,0,0,0,0,0,,,,,,,,
*01uyu*,Jordan Crawford,(N/A),"G,Flx",FA,,0,0,0,0,0,0,0,0,0,0,0,0,0,0,0,0,0,,,,,,,,
*04xjp*,Mitch Creek,(N/A),"G,Flx",FA,,0,0,0,0,0,0,0,0,0,0,0,0,0,0,0,0,0,,,,,,,,
*06mnx*,Kevin Cross,(N/A),"F,Flx",FA,,0,0,0,0,0,0,0,0,0,0,0,0,0,0,0,0,0,,,,,,,,
*05xni*,Jalen Crutcher,NO,"G,Flx",FA,,0,0,0,0,0,0,0,0,0,0,0,0,0,0,0,0,0,,,,,,,,
*05xp3*,Derek Culver,(N/A),"C,Flx",FA,,0,0,0,0,0,0,0,0,0,0,0,0,0,0,0,0,0,,,,,,,,
*05ya0*,Jarron Cumberland,(N/A),"G,Flx",FA,,0,0,0,0,0,0,0,0,0,0,0,0,0,0,0,0,0,,,,,,,,
*03woc*,Will Cummings,(N/A),"G,Flx",FA,,0,0,0,0,0,0,0,0,0,0,0,0,0,0,0,0,0,,,,,,,,
*01eof*,Dante Cunningham,(N/A),"F,Flx",FA,,0,0,0,0,0,0,0,0,0,0,0,0,0,0,0,0,0,,,,,,,,
*02nfo*,Jared Cunningham,(N/A),"G,Flx",FA,,0,0,0,0,0,0,0,0,0,0,0,0,0,0,0,0,0,,,,,,,,
*0017p*,Eddy Curry,(N/A),"C,Flx",FA,,0,0,0,0,0,0,0,0,0,0,0,0,0,0,0,0,0,,,,,,,,
*00113*,JamesOn Curry,(N/A),"G,Flx",FA,,0,0,0,0,0,0,0,0,0,0,0,0,0,0,0,0,0,,,,,,,,
*0392h*,Olek Czyz,(N/A),"F,Flx",FA,,0,0,0,0,0,0,0,0,0,0,0,0,0,0,0,0,0,,,,,,,,
*0018j*,Samuel Dalembert,(N/A),"C,Flx",FA,,0,0,0,0,0,0,0,0,0,0,0,0,0,0,0,0,0,,,,,,,,
*0393p*,Troy Daniels,(N/A),"G,Flx",FA,,0,0,0,0,0,0,0,0,0,0,0,0,0,0,0,0,0,,,,,,,,
*05qyr*,Nate Darling,(N/A),"G,Flx",FA,,0,0,0,0,0,0,0,0,0,0,0,0,0,0,0,0,0,,,,,,,,
*032c7*,Luigi Datome,(N/A),"G,F,Flx",FA,,0,0,0,0,0,0,0,0,0,0,0,0,0,0,0,0,0,,,,,,,,
*038i9*,Brandon Davies,(N/A),"F,Flx",FA,,0,0,0,0,0,0,0,0,0,0,0,0,0,0,0,0,0,,,,,,,,
*06hf9*,Antoine Davis,(N/A),"G,Flx",FA,,0,0,0,0,0,0,0,0,0,0,0,0,0,0,0,0,0,,,,,,,,
*0012z*,Baron Davis,(N/A),"G,Flx",FA,,0,0,0,0,0,0,0,0,0,0,0,0,0,0,0,0,0,,,,,,,,
*042ns*,Deyonta Davis,(N/A),"F,Flx",FA,,0,0,0,0,0,0,0,0,0,0,0,0,0,0,0,0,0,,,,,,,,
*01uz6*,Ed Davis,(N/A),"F,Flx",FA,,0,0,0,0,0,0,0,0,0,0,0,0,0,0,0,0,0,,,,,,,,
*0010a*,Glen Davis,(N/A),"F,C,Flx",FA,,0,0,0,0,0,0,0,0,0,0,0,0,0,0,0,0,0,,,,,,,,
*059u3*,Jon Davis,(N/A),"G,Flx",FA,,0,0,0,0,0,0,0,0,0,0,0,0,0,0,0,0,0,,,,,,,,
*015y2*,Josh Davis,(N/A),"F,Flx",FA,,0,0,0,0,0,0,0,0,0,0,0,0,0,0,0,0,0,,,,,,,,
*06hdx*,Kendric Davis,(N/A),"G,Flx",FA,,0,0,0,0,0,0,0,0,0,0,0,0,0,0,0,0,0,,,,,,,,
*0014j*,Paul Davis,(N/A),"F,C,Flx",FA,,0,0,0,0,0,0,0,0,0,0,0,0,0,0,0,0,0,,,,,,,,
*0015l*,Ricky Davis,(N/A),"G,F,Flx",FA,,0,0,0,0,0,0,0,0,0,0,0,0,0,0,0,0,0,,,,,,,,
*04vxz*,Tyler Davis,(N/A),"C,Flx",FA,,0,0,0,0,0,0,0,0,0,0,0,0,0,0,0,0,0,,,,,,,,
*03kqm*,Andre Dawkins,BOS,"G,Flx",FA,,0,0,0,0,0,0,0,0,0,0,0,0,0,0,0,0,0,,,,,,,,
*059cj*,Aubrey Dawkins,(N/A),"G,Flx",FA,,0,0,0,0,0,0,0,0,0,0,0,0,0,0,0,0,0,,,,,,,,
*03r89*,Branden Dawson,(N/A),"F,Flx",FA,,0,0,0,0,0,0,0,0,0,0,0,0,0,0,0,0,0,,,,,,,,
*0483k*,Shawn Dawson,(N/A),"F,Flx",FA,,0,0,0,0,0,0,0,0,0,0,0,0,0,0,0,0,0,,,,,,,,
*05qys*,Javin DeLaurier,(N/A),"F,C,Flx",FA,,0,0,0,0,0,0,0,0,0,0,0,0,0,0,0,0,0,,,,,,,,
*0051q*,Willie Deane,(N/A),"G,Flx",FA,,0,0,0,0,0,0,0,0,0,0,0,0,0,0,0,0,0,,,,,,,,
*05rk9*,Gabriel Deck,(N/A),"F,Flx",FA,,0,0,0,0,0,0,0,0,0,0,0,0,0,0,0,0,0,,,,,,,,
*03ulp*,Bryce Dejean-Jones,NO,"G,Flx",FA,CHA 94<br/>@NO 98 F,0,0,0,0,0,0,0,0,0,0,0,0,0,0,0,0,0,,,,,,,,
*03byi*,Sam Dekker,(N/A),"F,Flx",FA,,0,0,0,0,0,0,0,0,0,0,0,0,0,0,0,0,0,,,,,,,,
*041f9*,Malcolm Delaney,(N/A),"G,Flx",FA,,0,0,0,0,0,0,0,0,0,0,0,0,0,0,0,0,0,,,,,,,,
*001b5*,Carlos Delfino,(N/A),"G,F,Flx",FA,,0,0,0,0,0,0,0,0,0,0,0,0,0,0,0,0,0,,,,,,,,
*04xhx*,Angel Delgado,(N/A),"C,Flx",FA,,0,0,0,0,0,0,0,0,0,0,0,0,0,0,0,0,0,,,,,,,,
*06666*,Eric Demers,(N/A),"G,Flx",FA,,0,0,0,0,0,0,0,0,0,0,0,0,0,0,0,0,0,,,,,,,,
*04z79*,Cody Demps,SAC,"G,Flx",FA,,0,0,0,0,0,0,0,0,0,0,0,0,0,0,0,0,0,,,,,,,,
*0010v*,Luol Deng,(N/A),"F,Flx",FA,,0,0,0,0,0,0,0,0,0,0,0,0,0,0,0,0,0,,,,,,,,
*06eo4*,Dexter Dennis,(N/A),"G,Flx",FA,,0,0,0,0,0,0,0,0,0,0,0,0,0,0,0,0,0,,,,,,,,
*023z1*,Stephen Dennis,(N/A),"G,Flx",FA,,0,0,0,0,0,0,0,0,0,0,0,0,0,0,0,0,0,,,,,,,,
*02gxl*,Justin Dentmon,(N/A),"G,Flx",FA,,0,0,0,0,0,0,0,0,0,0,0,0,0,0,0,0,0,,,,,,,,
*04vy0*,Marcus Derrickson,(N/A),"F,Flx",FA,,0,0,0,0,0,0,0,0,0,0,0,0,0,0,0,0,0,,,,,,,,
*0623b*,Michael Devoe,(N/A),"G,Flx",FA,,0,0,0,0,0,0,0,0,0,0,0,0,0,0,0,0,0,,,,,,,,
*03llu*,Cheick Diallo,(N/A),"F,C,Flx",FA,,0,0,0,0,0,0,0,0,0,0,0,0,0,0,0,0,0,,,,,,,,
*05qz6*,Lamine Diane,(N/A),"F,Flx",FA,,0,0,0,0,0,0,0,0,0,0,0,0,0,0,0,0,0,,,,,,,,
*06mo7*,Mohamed Diarra,(N/A),"F,Flx",FA,,0,0,0,0,0,0,0,0,0,0,0,0,0,0,0,0,0,,,,,,,,
*00193*,Boris Diaw,(N/A),"F,C,Flx",FA,,0,0,0,0,0,0,0,0,0,0,0,0,0,0,0,0,0,,,,,,,,
*0014k*,Guillermo Diaz,(N/A),"G,Flx",FA,,0,0,0,0,0,0,0,0,0,0,0,0,0,0,0,0,0,,,,,,,,
*0013y*,Ike Diogu,(N/A),"F,C,Flx",FA,,0,0,0,0,0,0,0,0,0,0,0,0,0,0,0,0,0,,,,,,,,
*0011s*,DeSagana Diop,(N/A),"C,Flx",FA,,0,0,0,0,0,0,0,0,0,0,0,0,0,0,0,0,0,,,,,,,,
*06222*,Khalifa Diop,(N/A),"C,Flx",FA,,0,0,0,0,0,0,0,0,0,0,0,0,0,0,0,0,0,,,,,,,,
*04lhx*,Daniel Dixon,(N/A),"G,Flx",FA,,0,0,0,0,0,0,0,0,0,0,0,0,0,0,0,0,0,,,,,,,,
*001b2*,Juan Dixon,(N/A),"G,Flx",FA,,0,0,0,0,0,0,0,0,0,0,0,0,0,0,0,0,0,,,,,,,,
*06ptx*,Marcus Domask,(N/A),"F,Flx",FA,,0,0,0,0,0,0,0,0,0,0,0,0,0,0,0,0,0,,,,,,,,
*005lg*,Joey Dorsey,(N/A),"F,C,Flx",FA,,0,0,0,0,0,0,0,0,0,0,0,0,0,0,0,0,0,,,,,,,,
*04ex7*,Damyean Dotson,(N/A),"G,Flx",FA,,0,0,0,0,0,0,0,0,0,0,0,0,0,0,0,0,0,,,,,,,,
*0019y*,Quincy Douby,(N/A),"G,Flx",FA,,0,0,0,0,0,0,0,0,0,0,0,0,0,0,0,0,0,,,,,,,,
*01eo5*,Toney Douglas,(N/A),"G,Flx",FA,,0,0,0,0,0,0,0,0,0,0,0,0,0,0,0,0,0,,,,,,,,
*005lb*,Chris Douglas-Roberts,(N/A),"G,F,Flx",FA,,0,0,0,0,0,0,0,0,0,0,0,0,0,0,0,0,0,,,,,,,,
*051ov*,Sekou Doumbouya,(N/A),"F,Flx",FA,,0,0,0,0,0,0,0,0,0,0,0,0,0,0,0,0,0,,,,,,,,
*0051s*,Marcus Douthit,(N/A),"C,Flx",FA,,0,0,0,0,0,0,0,0,0,0,0,0,0,0,0,0,0,,,,,,,,
*04idm*,Milton Doyle,(N/A),"G,Flx",FA,,0,0,0,0,0,0,0,0,0,0,0,0,0,0,0,0,0,,,,,,,,
*01ent*,Robert Dozier,(N/A),"F,Flx",FA,,0,0,0,0,0,0,0,0,0,0,0,0,0,0,0,0,0,,,,,,,,
*06gnm*,Henri Drell,(N/A),"F,Flx",FA,,0,0,0,0,0,0,0,0,0,0,0,0,0,0,0,0,0,,,,,,,,
*038xh*,Larry Drew II,NO,"G,Flx",FA,CHA 94<br/>@NO 98 F,0,0,0,0,0,0,0,0,0,0,0,0,0,0,0,0,0,,,,,,,,
*0010o*,Jared Dudley,(N/A),"F,Flx",FA,,0,0,0,0,0,0,0,0,0,0,0,0,0,0,0,0,0,,,,,,,,
*0010x*,Chris Duhon,(N/A),"G,Flx",FA,,0,0,0,0,0,0,0,0,0,0,0,0,0,0,0,0,0,,,,,,,,
*03sdf*,Duje Dukan,(N/A),"F,Flx",FA,,0,0,0,0,0,0,0,0,0,0,0,0,0,0,0,0,0,,,,,,,,
*049pk*,Kellen Dunham,(N/A),"G,Flx",FA,,0,0,0,0,0,0,0,0,0,0,0,0,0,0,0,0,0,,,,,,,,
*0013u*,Mike Dunleavy,(N/A),"G,F,Flx",FA,,0,0,0,0,0,0,0,0,0,0,0,0,0,0,0,0,0,,,,,,,,
*0012n*,Ronald Dupree,(N/A),"F,Flx",FA,,0,0,0,0,0,0,0,0,0,0,0,0,0,0,0,0,0,,,,,,,,
*064s8*,Anthony Duruji,(N/A),"F,Flx",FA,,0,0,0,0,0,0,0,0,0,0,0,0,0,0,0,0,0,,,,,,,,
*049kg*,Trevon Duval,(N/A),"G,Flx",FA,,0,0,0,0,0,0,0,0,0,0,0,0,0,0,0,0,0,,,,,,,,
*03e70*,Cleanthony Early,(N/A),"F,Flx",FA,,0,0,0,0,0,0,0,0,0,0,0,0,0,0,0,0,0,,,,,,,,
*06mo6*,Sean East,(N/A),"G,Flx",FA,,0,0,0,0,0,0,0,0,0,0,0,0,0,0,0,0,0,,,,,,,,
*01uzb*,Devin Ebanks,(N/A),"G,F,Flx",FA,,0,0,0,0,0,0,0,0,0,0,0,0,0,0,0,0,0,,,,,,,,
*05qxu*,Paul Eboua,(N/A),"F,Flx",FA,,0,0,0,0,0,0,0,0,0,0,0,0,0,0,0,0,0,,,,,,,,
*05uxy*,Jaime Echenique,(N/A),"C,Flx",FA,,0,0,0,0,0,0,0,0,0,0,0,0,0,0,0,0,0,,,,,,,,
*03ku7*,Jarell Eddie,CHI,"G,Flx",FA,,0,0,0,0,0,0,0,0,0,0,0,0,0,0,0,0,0,,,,,,,,
*051pd*,Carsen Edwards,DET,"G,Flx",FA,DET 104<br/>@MIN 123 F,0,0,0,0,0,0,0,0,0,0,0,0,0,0,0,0,0,,,,,,,,
*0050d*,John Edwards,(N/A),"C,Flx",FA,,0,0,0,0,0,0,0,0,0,0,0,0,0,0,0,0,0,,,,,,,,
*065b7*,Kyler Edwards,(N/A),"G,Flx",FA,,0,0,0,0,0,0,0,0,0,0,0,0,0,0,0,0,0,,,,,,,,
*05xcl*,Rob Edwards,(N/A),"G,Flx",FA,,0,0,0,0,0,0,0,0,0,0,0,0,0,0,0,0,0,,,,,,,,
*023th*,Shane Edwards,(N/A),"F,Flx",FA,,0,0,0,0,0,0,0,0,0,0,0,0,0,0,0,0,0,,,,,,,,
*04qss*,Vincent Edwards,(N/A),"F,Flx",FA,,0,0,0,0,0,0,0,0,0,0,0,0,0,0,0,0,0,,,,,,,,
*059g6*,John Egbunu,(N/A),"C,Flx",FA,,0,0,0,0,0,0,0,0,0,0,0,0,0,0,0,0,0,,,,,,,,
*023z5*,Jordan Eglseder,(N/A),"C,Flx",FA,,0,0,0,0,0,0,0,0,0,0,0,0,0,0,0,0,0,,,,,,,,
*02gxm*,Moses Ehambe,(N/A),"G,F,Flx",FA,,0,0,0,0,0,0,0,0,0,0,0,0,0,0,0,0,0,,,,,,,,
*03hz0*,Melvin Ejim,(N/A),"F,Flx",FA,,0,0,0,0,0,0,0,0,0,0,0,0,0,0,0,0,0,,,,,,,,
*05quc*,CJ Elleby,(N/A),"F,Flx",FA,,0,0,0,0,0,0,0,0,0,0,0,0,0,0,0,0,0,,,,,,,,
*042nd*,Henry Ellenson,TOR,"F,Flx",FA,TOR 127<br/>@PHI 109 F,0,0,0,0,0,0,0,0,0,0,0,0,0,0,0,0,0,,,,,,,,
*01eny*,Wayne Ellington,(N/A),"G,Flx",FA,,0,0,0,0,0,0,0,0,0,0,0,0,0,0,0,0,0,,,,,,,,
*0050p*,Chris Ellis,(N/A),"F,Flx",FA,,0,0,0,0,0,0,0,0,0,0,0,0,0,0,0,0,0,,,,,,,,
*00133*,Monta Ellis,(N/A),"G,Flx",FA,,0,0,0,0,0,0,0,0,0,0,0,0,0,0,0,0,0,,,,,,,,
*048yi*,Perry Ellis,(N/A),"F,Flx",FA,,0,0,0,0,0,0,0,0,0,0,0,0,0,0,0,0,0,,,,,,,,
*05y9z*,Malik Ellison,(N/A),"G,F,Flx",FA,,0,0,0,0,0,0,0,0,0,0,0,0,0,0,0,0,0,,,,,,,,
*0017a*,Melvin Ely,(N/A),"F,C,Flx",FA,,0,0,0,0,0,0,0,0,0,0,0,0,0,0,0,0,0,,,,,,,,
*015ri*,Andre Emmett,(N/A),"G,Flx",FA,,0,0,0,0,0,0,0,0,0,0,0,0,0,0,0,0,0,,,,,,,,
*06prk*,Tristan Enaruna,(N/A),"F,Flx",FA,,0,0,0,0,0,0,0,0,0,0,0,0,0,0,0,0,0,,,,,,,,
*02ng8*,Kim English,(N/A),"G,Flx",FA,,0,0,0,0,0,0,0,0,0,0,0,0,0,0,0,0,0,,,,,,,,
*031n0*,James Ennis,(N/A),"F,Flx",FA,,0,0,0,0,0,0,0,0,0,0,0,0,0,0,0,0,0,,,,,,,,
*03byh*,Tyler Ennis,(N/A),"G,Flx",FA,,0,0,0,0,0,0,0,0,0,0,0,0,0,0,0,0,0,,,,,,,,
*02t0z*,Micheal Eric,(N/A),"F,C,Flx",FA,,0,0,0,0,0,0,0,0,0,0,0,0,0,0,0,0,0,,,,,,,,
*06q8b*,Aaron Estrada,(N/A),"G,Flx",FA,,0,0,0,0,0,0,0,0,0,0,0,0,0,0,0,0,0,,,,,,,,
*04qs5*,Jacob Evans,(N/A),"G,Flx",FA,,0,0,0,0,0,0,0,0,0,0,0,0,0,0,0,0,0,,,,,,,,
*04ex2*,Jawun Evans,(N/A),"G,Flx",FA,,0,0,0,0,0,0,0,0,0,0,0,0,0,0,0,0,0,,,,,,,,
*01uzv*,Jeremy Evans,(N/A),"F,Flx",FA,,0,0,0,0,0,0,0,0,0,0,0,0,0,0,0,0,0,,,,,,,,
*04xie*,Keenan Evans,DET,"G,Flx",FA,DET 104<br/>@MIN 123 F,0,0,0,0,0,0,0,0,0,0,0,0,0,0,0,0,0,,,,,,,,
*00186*,Maurice Evans,(N/A),"G,F,Flx",FA,,0,0,0,0,0,0,0,0,0,0,0,0,0,0,0,0,0,,,,,,,,
*0018k*,Reggie Evans,(N/A),"F,C,Flx",FA,,0,0,0,0,0,0,0,0,0,0,0,0,0,0,0,0,0,,,,,,,,
*01eoh*,Tyreke Evans,(N/A),"G,Flx",FA,,0,0,0,0,0,0,0,0,0,0,0,0,0,0,0,0,0,,,,,,,,
*005lk*,Patrick Ewing Jr.,(N/A),"F,Flx",FA,,0,0,0,0,0,0,0,0,0,0,0,0,0,0,0,0,0,,,,,,,,
*01en9*,Christian Eyenga,(N/A),"F,Flx",FA,,0,0,0,0,0,0,0,0,0,0,0,0,0,0,0,0,0,,,,,,,,
*02nfu*,Festus Ezeli,(N/A),"C,Flx",FA,,0,0,0,0,0,0,0,0,0,0,0,0,0,0,0,0,0,,,,,,,,
*03jxp*,C.J. Fair,(N/A),"F,Flx",FA,,0,0,0,0,0,0,0,0,0,0,0,0,0,0,0,0,0,,,,,,,,
*0558u*,Tacko Fall,(N/A),"C,Flx",FA,,0,0,0,0,0,0,0,0,0,0,0,0,0,0,0,0,0,,,,,,,,
*02gup*,Jarrid Famous,(N/A),"F,C,Flx",FA,,0,0,0,0,0,0,0,0,0,0,0,0,0,0,0,0,0,,,,,,,,
*027p7*,Kenneth Faried,(N/A),"F,C,Flx",FA,,0,0,0,0,0,0,0,0,0,0,0,0,0,0,0,0,0,,,,,,,,
*0014y*,Jordan Farmar,(N/A),"G,Flx",FA,,0,0,0,0,0,0,0,0,0,0,0,0,0,0,0,0,0,,,,,,,,
*032qk*,Vitor Faverani,(N/A),"C,Flx",FA,,0,0,0,0,0,0,0,0,0,0,0,0,0,0,0,0,0,,,,,,,,
*01uyt*,Derrick Favors,(N/A),"F,C,Flx",FA,,0,0,0,0,0,0,0,0,0,0,0,0,0,0,0,0,0,,,,,,,,
*042od*,Kay Felder,(N/A),"G,Flx",FA,,0,0,0,0,0,0,0,0,0,0,0,0,0,0,0,0,0,,,,,,,,
*03rxn*,Cristiano Felicio,(N/A),"C,Flx",FA,,0,0,0,0,0,0,0,0,0,0,0,0,0,0,0,0,0,,,,,,,,
*031mj*,Carrick Felix,(N/A),"G,F,Flx",FA,,0,0,0,0,0,0,0,0,0,0,0,0,0,0,0,0,0,,,,,,,,
*0393t*,Courtney Fells,(N/A),"G,Flx",FA,,0,0,0,0,0,0,0,0,0,0,0,0,0,0,0,0,0,,,,,,,,
*0010k*,Raymond Felton,(N/A),"G,Flx",FA,,0,0,0,0,0,0,0,0,0,0,0,0,0,0,0,0,0,,,,,,,,
*04ewl*,Terrance Ferguson,(N/A),"G,F,Flx",FA,,0,0,0,0,0,0,0,0,0,0,0,0,0,0,0,0,0,,,,,,,,
*049le*,Vashil Fernandez,(N/A),"C,Flx",FA,,0,0,0,0,0,0,0,0,0,0,0,0,0,0,0,0,0,,,,,,,,
*0483a*,Yogi Ferrell,(N/A),"G,Flx",FA,,0,0,0,0,0,0,0,0,0,0,0,0,0,0,0,0,0,,,,,,,,
*001bq*,Kyrylo Fesenko,(N/A),"C,Flx",FA,,0,0,0,0,0,0,0,0,0,0,0,0,0,0,0,0,0,,,,,,,,
*01nak*,Michael Fey,(N/A),"C,Flx",FA,,0,0,0,0,0,0,0,0,0,0,0,0,0,0,0,0,0,,,,,,,,
*0050b*,Kimani Ffriend,(N/A),"C,Flx",FA,,0,0,0,0,0,0,0,0,0,0,0,0,0,0,0,0,0,,,,,,,,
*06mot*,Max Fiedler,(N/A),"F,Flx",FA,,0,0,0,0,0,0,0,0,0,0,0,0,0,0,0,0,0,,,,,,,,
*0440u*,Brandon Fields,(N/A),"G,Flx",FA,,0,0,0,0,0,0,0,0,0,0,0,0,0,0,0,0,0,,,,,,,,
*01uze*,Landry Fields,(N/A),"G,F,Flx",FA,,0,0,0,0,0,0,0,0,0,0,0,0,0,0,0,0,0,,,,,,,,
*05xoj*,L.J. Figueroa,(N/A),"G,F,Flx",FA,,0,0,0,0,0,0,0,0,0,0,0,0,0,0,0,0,0,,,,,,,,
*0051j*,Gerald Fitch,(N/A),"G,Flx",FA,,0,0,0,0,0,0,0,0,0,0,0,0,0,0,0,0,0,,,,,,,,
*05qzg*,Malik Fitts,LAC,"F,Flx",FA,LAC 122<br/>@CLE 127 F,0,0,0,0,0,0,0,0,0,0,0,0,0,0,0,0,0,,,,,,,,
*06mnz*,Allen Flanigan,GS,"G,Flx",FA,GS 148<br/>@SA 106 F,0,0,0,0,0,0,0,0,0,0,0,0,0,0,0,0,0,,,,,,,,
*059wt*,Skyler Flatten,(N/A),"G,Flx",FA,,0,0,0,0,0,0,0,0,0,0,0,0,0,0,0,0,0,,,,,,,,
*02gum*,Gary Flowers,(N/A),"F,Flx",FA,,0,0,0,0,0,0,0,0,0,0,0,0,0,0,0,0,0,,,,,,,,
*01enx*,Jonny Flynn,(N/A),"G,Flx",FA,,0,0,0,0,0,0,0,0,0,0,0,0,0,0,0,0,0,,,,,,,,
*02wy0*,Kyle Fogg,(N/A),"G,Flx",FA,,0,0,0,0,0,0,0,0,0,0,0,0,0,0,0,0,0,,,,,,,,
*023ti*,Gary Forbes,(N/A),"G,F,Flx",FA,,0,0,0,0,0,0,0,0,0,0,0,0,0,0,0,0,0,,,,,,,,
*05y7a*,Aleem Ford,(N/A),"F,Flx",FA,,0,0,0,0,0,0,0,0,0,0,0,0,0,0,0,0,0,,,,,,,,
*05qzf*,Jordan Ford,(N/A),"G,Flx",FA,,0,0,0,0,0,0,0,0,0,0,0,0,0,0,0,0,0,,,,,,,,
*0480a*,Quincy Ford,(N/A),"F,Flx",FA,,0,0,0,0,0,0,0,0,0,0,0,0,0,0,0,0,0,,,,,,,,
*02h2h*,Courtney Fortson,(N/A),"G,Flx",FA,,0,0,0,0,0,0,0,0,0,0,0,0,0,0,0,0,0,,,,,,,,
*05xob*,Marcus Foster,(N/A),"G,Flx",FA,,0,0,0,0,0,0,0,0,0,0,0,0,0,0,0,0,0,,,,,,,,
*0016m*,Randy Foye,(N/A),"G,Flx",FA,,0,0,0,0,0,0,0,0,0,0,0,0,0,0,0,0,0,,,,,,,,
*0014e*,Richie Frahm,(N/A),"G,Flx",FA,,0,0,0,0,0,0,0,0,0,0,0,0,0,0,0,0,0,,,,,,,,
*06hdw*,Armaan Franklin,(N/A),"G,Flx",FA,,0,0,0,0,0,0,0,0,0,0,0,0,0,0,0,0,0,,,,,,,,
*031mr*,Jamaal Franklin,DEN,"G,F,Flx",FA,,0,0,0,0,0,0,0,0,0,0,0,0,0,0,0,0,0,,,,,,,,
*059fu*,Robert Franks,ORL,"F,Flx",FA,,0,0,0,0,0,0,0,0,0,0,0,0,0,0,0,0,0,,,,,,,,
*04qsc*,Melvin Frazier Jr.,(N/A),"G,Flx",FA,,0,0,0,0,0,0,0,0,0,0,0,0,0,0,0,0,0,,,,,,,,
*03v03*,Michael Frazier,(N/A),"G,Flx",FA,,0,0,0,0,0,0,0,0,0,0,0,0,0,0,0,0,0,,,,,,,,
*03ku2*,Tim Frazier,CLE,"G,Flx",FA,LAC 122<br/>@CLE 127 F,0,0,0,0,0,0,0,0,0,0,0,0,0,0,0,0,0,,,,,,,,
*027ot*,Jimmer Fredette,(N/A),"G,Flx",FA,,0,0,0,0,0,0,0,0,0,0,0,0,0,0,0,0,0,,,,,,,,
*02oez*,Joel Freeland,(N/A),"F,C,Flx",FA,,0,0,0,0,0,0,0,0,0,0,0,0,0,0,0,0,0,,,,,,,,
*0493y*,Trey Freeman,(N/A),"G,Flx",FA,,0,0,0,0,0,0,0,0,0,0,0,0,0,0,0,0,0,,,,,,,,
*06mop*,Samson Froling,(N/A),"C,Flx",FA,,0,0,0,0,0,0,0,0,0,0,0,0,0,0,0,0,0,,,,,,,,
*06fwl*,Alex Fudge,(N/A),"F,Flx",FA,,0,0,0,0,0,0,0,0,0,0,0,0,0,0,0,0,0,,,,,,,,
*06hdv*,Andrew Funk,(N/A),"G,Flx",FA,,0,0,0,0,0,0,0,0,0,0,0,0,0,0,0,0,0,,,,,,,,
*06qf9*,Taylor Funk,(N/A),"F,Flx",FA,,0,0,0,0,0,0,0,0,0,0,0,0,0,0,0,0,0,,,,,,,,
*059y8*,Kenny Gabriel,(N/A),"F,Flx",FA,,0,0,0,0,0,0,0,0,0,0,0,0,0,0,0,0,0,,,,,,,,
*0393q*,Abdul Gaddy,(N/A),"G,Flx",FA,,0,0,0,0,0,0,0,0,0,0,0,0,0,0,0,0,0,,,,,,,,
*01nai*,Tony Gaffney,(N/A),"F,Flx",FA,,0,0,0,0,0,0,0,0,0,0,0,0,0,0,0,0,0,,,,,,,,
*01s5v*,Sundiata Gaines,(N/A),"G,Flx",FA,,0,0,0,0,0,0,0,0,0,0,0,0,0,0,0,0,0,,,,,,,,
*01uzm*,Tiny Gallon,(N/A),"F,Flx",FA,,0,0,0,0,0,0,0,0,0,0,0,0,0,0,0,0,0,,,,,,,,
*06kv0*,Jaylin Galloway,(N/A),"F,Flx",FA,,0,0,0,0,0,0,0,0,0,0,0,0,0,0,0,0,0,,,,,,,,
*03k50*,Langston Galloway,(N/A),"G,Flx",FA,,0,0,0,0,0,0,0,0,0,0,0,0,0,0,0,0,0,,,,,,,,
*059cf*,Jakeenan Gant,(N/A),"G,Flx",FA,,0,0,0,0,0,0,0,0,0,0,0,0,0,0,0,0,0,,,,,,,,
*001bb*,Jorge Garbajosa,(N/A),"F,C,Flx",FA,,0,0,0,0,0,0,0,0,0,0,0,0,0,0,0,0,0,,,,,,,,
*06hrf*,Patrick Gardner,(N/A),"C,Flx",FA,,0,0,0,0,0,0,0,0,0,0,0,0,0,0,0,0,0,,,,,,,,
*045qh*,Patricio Garino,(N/A),"G,Flx",FA,,0,0,0,0,0,0,0,0,0,0,0,0,0,0,0,0,0,,,,,,,,
*004zd*,Marc Gasol,(N/A),"C,Flx",FA,,0,0,0,0,0,0,0,0,0,0,0,0,0,0,0,0,0,,,,,,,,
*0014q*,Pau Gasol,POR,"F,C,Flx",FA,POR 93<br/>@NY 110 F,0,0,0,0,0,0,0,0,0,0,0,0,0,0,0,0,0,,,,,,,,
*04xdt*,Kaiser Gates,(N/A),"F,Flx",FA,,0,0,0,0,0,0,0,0,0,0,0,0,0,0,0,0,0,,,,,,,,
*042o8*,Michael Gbinije,(N/A),"F,Flx",FA,,0,0,0,0,0,0,0,0,0,0,0,0,0,0,0,0,0,,,,,,,,
*01ng7*,Alonzo Gee,DEN,"G,F,Flx",FA,,0,0,0,0,0,0,0,0,0,0,0,0,0,0,0,0,0,,,,,,,,
*0490w*,Marcus Georges-Hunt,(N/A),"G,Flx",FA,,0,0,0,0,0,0,0,0,0,0,0,0,0,0,0,0,0,,,,,,,,
*043vy*,Jonathan Gibson,(N/A),"G,Flx",FA,,0,0,0,0,0,0,0,0,0,0,0,0,0,0,0,0,0,,,,,,,,
*05qu6*,Romaro Gill,(N/A),"C,Flx",FA,,0,0,0,0,0,0,0,0,0,0,0,0,0,0,0,0,0,,,,,,,,
*05qzc*,Freddie Gillespie,(N/A),"F,Flx",FA,,0,0,0,0,0,0,0,0,0,0,0,0,0,0,0,0,0,,,,,,,,
*065ut*,Jacob Gilyard,(N/A),"G,Flx",FA,,0,0,0,0,0,0,0,0,0,0,0,0,0,0,0,0,0,,,,,,,,
*005ln*,James Gist,(N/A),"F,Flx",FA,,0,0,0,0,0,0,0,0,0,0,0,0,0,0,0,0,0,,,,,,,,
*065vf*,Grant Golden,(N/A),"F,Flx",FA,,0,0,0,0,0,0,0,0,0,0,0,0,0,0,0,0,0,,,,,,,,
*0011c*,Drew Gooden,WAS,"F,C,Flx",FA,,0,0,0,0,0,0,0,0,0,0,0,0,0,0,0,0,0,,,,,,,,
*023tm*,Vernon Goodridge,(N/A),"F,Flx",FA,,0,0,0,0,0,0,0,0,0,0,0,0,0,0,0,0,0,,,,,,,,
*031mf*,Archie Goodwin,(N/A),"G,Flx",FA,,0,0,0,0,0,0,0,0,0,0,0,0,0,0,0,0,0,,,,,,,,
*04w4b*,Brandon Goodwin,(N/A),"G,Flx",FA,,0,0,0,0,0,0,0,0,0,0,0,0,0,0,0,0,0,,,,,,,,
*06hsn*,Dane Goodwin,(N/A),"G,Flx",FA,,0,0,0,0,0,0,0,0,0,0,0,0,0,0,0,0,0,,,,,,,,
*062sq*,Kellan Grady,(N/A),"G,Flx",FA,,0,0,0,0,0,0,0,0,0,0,0,0,0,0,0,0,0,,,,,,,,
*03ua0*,Treveon Graham,(N/A),"G,F,Flx",FA,,0,0,0,0,0,0,0,0,0,0,0,0,0,0,0,0,0,,,,,,,,
*0013z*,Danny Granger,(N/A),"F,Flx",FA,,0,0,0,0,0,0,0,0,0,0,0,0,0,0,0,0,0,,,,,,,,
*03r7g*,Jerian Grant,(N/A),"G,Flx",FA,,0,0,0,0,0,0,0,0,0,0,0,0,0,0,0,0,0,,,,,,,,
*04vqv*,Donte Grantham,(N/A),"G,Flx",FA,,0,0,0,0,0,0,0,0,0,0,0,0,0,0,0,0,0,,,,,,,,
*057ow*,Hassani Gravett,(N/A),"G,Flx",FA,,0,0,0,0,0,0,0,0,0,0,0,0,0,0,0,0,0,,,,,,,,
*04mr6*,Josh Gray,(N/A),"G,Flx",FA,,0,0,0,0,0,0,0,0,0,0,0,0,0,0,0,0,0,,,,,,,,
*05ujx*,RaiQuan Gray,(N/A),"F,Flx",FA,,0,0,0,0,0,0,0,0,0,0,0,0,0,0,0,0,0,,,,,,,,
*04uq2*,Rob Gray,(N/A),"G,Flx",FA,,0,0,0,0,0,0,0,0,0,0,0,0,0,0,0,0,0,,,,,,,,
*01ng4*,Taj Gray,(N/A),"F,Flx",FA,,0,0,0,0,0,0,0,0,0,0,0,0,0,0,0,0,0,,,,,,,,
*06moi*,Darin Green,(N/A),"G,Flx",FA,,0,0,0,0,0,0,0,0,0,0,0,0,0,0,0,0,0,,,,,,,,
*031mw*,Erick Green,UTA,"G,Flx",FA,,0,0,0,0,0,0,0,0,0,0,0,0,0,0,0,0,0,,,,,,,,
*0016k*,Gerald Green,(N/A),"G,F,Flx",FA,,0,0,0,0,0,0,0,0,0,0,0,0,0,0,0,0,0,,,,,,,,
*0018l*,Willie Green,(N/A),"G,Flx",FA,,0,0,0,0,0,0,0,0,0,0,0,0,0,0,0,0,0,,,,,,,,
*038kh*,Eric Griffin,(N/A),"F,Flx",FA,,0,0,0,0,0,0,0,0,0,0,0,0,0,0,0,0,0,,,,,,,,
*055si*,Marko Guduric,(N/A),"G,Flx",FA,,0,0,0,0,0,0,0,0,0,0,0,0,0,0,0,0,0,,,,,,,,
*0392a*,Jorge Gutierrez,(N/A),"G,Flx",FA,,0,0,0,0,0,0,0,0,0,0,0,0,0,0,0,0,0,,,,,,,,
*051pz*,Kyle Guy,(N/A),"G,Flx",FA,,0,0,0,0,0,0,0,0,0,0,0,0,0,0,0,0,0,,,,,,,,
*04v3j*,Isaac Haas,(N/A),"C,Flx",FA,,0,0,0,0,0,0,0,0,0,0,0,0,0,0,0,0,0,,,,,,,,
*01fcv*,Marcus Haislip,(N/A),"F,Flx",FA,,0,0,0,0,0,0,0,0,0,0,0,0,0,0,0,0,0,,,,,,,,
*04qst*,Devon Hall,(N/A),"G,Flx",FA,,0,0,0,0,0,0,0,0,0,0,0,0,0,0,0,0,0,,,,,,,,
*059qb*,Donta Hall,(N/A),"F,Flx",FA,,0,0,0,0,0,0,0,0,0,0,0,0,0,0,0,0,0,,,,,,,,
*05qzm*,Josh Hall,(N/A),"F,Flx",FA,,0,0,0,0,0,0,0,0,0,0,0,0,0,0,0,0,0,,,,,,,,
*06mnr*,Malik Hall,(N/A),"F,Flx",FA,,0,0,0,0,0,0,0,0,0,0,0,0,0,0,0,0,0,,,,,,,,
*0050r*,Mike Hall,(N/A),"F,Flx",FA,,0,0,0,0,0,0,0,0,0,0,0,0,0,0,0,0,0,,,,,,,,
*05r05*,Tyler Hall,(N/A),"G,Flx",FA,,0,0,0,0,0,0,0,0,0,0,0,0,0,0,0,0,0,,,,,,,,
*06237*,Bryce Hamilton,(N/A),"G,Flx",FA,,0,0,0,0,0,0,0,0,0,0,0,0,0,0,0,0,0,,,,,,,,
*042of*,Daniel Hamilton,(N/A),"F,Flx",FA,,0,0,0,0,0,0,0,0,0,0,0,0,0,0,0,0,0,,,,,,,,
*04lk8*,Isaac Hamilton,(N/A),"G,Flx",FA,,0,0,0,0,0,0,0,0,0,0,0,0,0,0,0,0,0,,,,,,,,
*04xid*,Johnny Hamilton,(N/A),"C,Flx",FA,,0,0,0,0,0,0,0,0,0,0,0,0,0,0,0,0,0,,,,,,,,
*02ng9*,Justin Hamilton,(N/A),"F,C,Flx",FA,,0,0,0,0,0,0,0,0,0,0,0,0,0,0,0,0,0,,,,,,,,
*05qt7*,Rayshaun Hammonds,(N/A),"F,Flx",FA,,0,0,0,0,0,0,0,0,0,0,0,0,0,0,0,0,0,,,,,,,,
*042o5*,A.J. Hammons,(N/A),"C,Flx",FA,,0,0,0,0,0,0,0,0,0,0,0,0,0,0,0,0,0,,,,,,,,
*051q0*,Jaylen Hands,(N/A),"G,Flx",FA,,0,0,0,0,0,0,0,0,0,0,0,0,0,0,0,0,0,,,,,,,,
*027q8*,Adam Hanga,SA,"G,Flx",FA,GS 148<br/>@SA 106 F,0,0,0,0,0,0,0,0,0,0,0,0,0,0,0,0,0,,,,,,,,
*03r7w*,Olivier Hanlan,(N/A),"G,Flx",FA,,0,0,0,0,0,0,0,0,0,0,0,0,0,0,0,0,0,,,,,,,,
*04z9c*,Dusty Hannahs,(N/A),"G,Flx",FA,,0,0,0,0,0,0,0,0,0,0,0,0,0,0,0,0,0,,,,,,,,
*01enl*,Tyler Hansbrough,(N/A),"F,C,Flx",FA,,0,0,0,0,0,0,0,0,0,0,0,0,0,0,0,0,0,,,,,,,,
*02nff*,Maurice Harkless,(N/A),"F,Flx",FA,,0,0,0,0,0,0,0,0,0,0,0,0,0,0,0,0,0,,,,,,,,
*02ww2*,Demonte Harper,(N/A),"G,Flx",FA,,0,0,0,0,0,0,0,0,0,0,0,0,0,0,0,0,0,,,,,,,,
*059ij*,Jared Harper,(N/A),"G,Flx",FA,,0,0,0,0,0,0,0,0,0,0,0,0,0,0,0,0,0,,,,,,,,
*03tru*,KT Harrell,(N/A),"G,Flx",FA,,0,0,0,0,0,0,0,0,0,0,0,0,0,0,0,0,0,,,,,,,,
*0011v*,Devin Harris,(N/A),"G,Flx",FA,,0,0,0,0,0,0,0,0,0,0,0,0,0,0,0,0,0,,,,,,,,
*033b9*,Elias Harris,(N/A),"F,Flx",FA,,0,0,0,0,0,0,0,0,0,0,0,0,0,0,0,0,0,,,,,,,,
*05qso*,Jalen Harris,(N/A),"G,Flx",FA,,0,0,0,0,0,0,0,0,0,0,0,0,0,0,0,0,0,,,,,,,,
*03rzs*,Aaron Harrison,(N/A),"G,Flx",FA,,0,0,0,0,0,0,0,0,0,0,0,0,0,0,0,0,0,,,,,,,,
*02xdr*,Andrew Harrison,(N/A),"G,Flx",FA,,0,0,0,0,0,0,0,0,0,0,0,0,0,0,0,0,0,,,,,,,,
*048zs*,Shaquille Harrison,(N/A),"G,Flx",FA,,0,0,0,0,0,0,0,0,0,0,0,0,0,0,0,0,0,,,,,,,,
*001bf*,Jason Hart,(N/A),"G,Flx",FA,,0,0,0,0,0,0,0,0,0,0,0,0,0,0,0,0,0,,,,,,,,
*06ceq*,Joey Hauser,(N/A),"F,Flx",FA,,0,0,0,0,0,0,0,0,0,0,0,0,0,0,0,0,0,,,,,,,,
*001a0*,Spencer Hawes,(N/A),"F,C,Flx",FA,,0,0,0,0,0,0,0,0,0,0,0,0,0,0,0,0,0,,,,,,,,
*0013l*,Luther Head,(N/A),"G,Flx",FA,,0,0,0,0,0,0,0,0,0,0,0,0,0,0,0,0,0,,,,,,,,
*04ljk*,Reggie Hearn,(N/A),"G,Flx",FA,,0,0,0,0,0,0,0,0,0,0,0,0,0,0,0,0,0,,,,,,,,
*06hfa*,Max Heidegger,(N/A),"G,Flx",FA,,0,0,0,0,0,0,0,0,0,0,0,0,0,0,0,0,0,,,,,,,,
*01en5*,Gerald Henderson,(N/A),"G,F,Flx",FA,,0,0,0,0,0,0,0,0,0,0,0,0,0,0,0,0,0,,,,,,,,
*05uuf*,Aaron Henry,(N/A),"F,Flx",FA,,0,0,0,0,0,0,0,0,0,0,0,0,0,0,0,0,0,,,,,,,,
*04mmf*,Myke Henry,(N/A),"F,Flx",FA,,0,0,0,0,0,0,0,0,0,0,0,0,0,0,0,0,0,,,,,,,,
*0665b*,Pierria Henry,(N/A),"G,Flx",FA,,0,0,0,0,0,0,0,0,0,0,0,0,0,0,0,0,0,,,,,,,,
*02nfe*,John Henson,NY,"F,C,Flx",FA,POR 93<br/>@NY 110 F,0,0,0,0,0,0,0,0,0,0,0,0,0,0,0,0,0,,,,,,,,
*051q3*,Dewan Hernandez,(N/A),"C,Flx",FA,,0,0,0,0,0,0,0,0,0,0,0,0,0,0,0,0,0,,,,,,,,
*04qsx*,Kevin Hervey,(N/A),"F,Flx",FA,,0,0,0,0,0,0,0,0,0,0,0,0,0,0,0,0,0,,,,,,,,
*03r7d*,Mario Hezonja,(N/A),"G,F,Flx",FA,,0,0,0,0,0,0,0,0,0,0,0,0,0,0,0,0,0,,,,,,,,
*04jw1*,Isaiah Hicks,(N/A),"F,Flx",FA,,0,0,0,0,0,0,0,0,0,0,0,0,0,0,0,0,0,,,,,,,,
*04ylf*,Stephan Hicks,IND,"G,Flx",FA,,0,0,0,0,0,0,0,0,0,0,0,0,0,0,0,0,0,,,,,,,,
*00128*,Nene Hilario,(N/A),"F,C,Flx",FA,,0,0,0,0,0,0,0,0,0,0,0,0,0,0,0,0,0,,,,,,,,
*01eo4*,Jordan Hill,(N/A),"F,C,Flx",FA,,0,0,0,0,0,0,0,0,0,0,0,0,0,0,0,0,0,,,,,,,,
*031ma*,Solomon Hill,(N/A),"G,F,Flx",FA,,0,0,0,0,0,0,0,0,0,0,0,0,0,0,0,0,0,,,,,,,,
*059ck*,Amir Hinton,(N/A),"G,Flx",FA,,0,0,0,0,0,0,0,0,0,0,0,0,0,0,0,0,0,,,,,,,,
*05qyw*,Nate Hinton,(N/A),"G,Flx",FA,,0,0,0,0,0,0,0,0,0,0,0,0,0,0,0,0,0,,,,,,,,
*0522u*,Jaylen Hoard,(N/A),"F,Flx",FA,,0,0,0,0,0,0,0,0,0,0,0,0,0,0,0,0,0,,,,,,,,
*06cp1*,DMoi Hodge,(N/A),"G,Flx",FA,,0,0,0,0,0,0,0,0,0,0,0,0,0,0,0,0,0,,,,,,,,
*03kth*,John Holland,(N/A),"G,Flx",FA,,0,0,0,0,0,0,0,0,0,0,0,0,0,0,0,0,0,,,,,,,,
*03r7i*,Rondae Hollis-Jefferson,POR,"F,Flx",FA,POR 93<br/>@NY 110 F,0,0,0,0,0,0,0,0,0,0,0,0,0,0,0,0,0,,,,,,,,
*058zc*,Aric Holman,(N/A),"F,C,Flx",FA,,0,0,0,0,0,0,0,0,0,0,0,0,0,0,0,0,0,,,,,,,,
*03trr*,Jonathan Holmes,(N/A),"F,Flx",FA,,0,0,0,0,0,0,0,0,0,0,0,0,0,0,0,0,0,,,,,,,,
*05qzk*,Caleb Homesley,WAS,"G,Flx",FA,,0,0,0,0,0,0,0,0,0,0,0,0,0,0,0,0,0,,,,,,,,
*059q3*,Daulton Hommes,(N/A),"F,Flx",FA,,0,0,0,0,0,0,0,0,0,0,0,0,0,0,0,0,0,,,,,,,,
*027pk*,Tyler Honeycutt,(N/A),"F,Flx",FA,,0,0,0,0,0,0,0,0,0,0,0,0,0,0,0,0,0,,,,,,,,
*03apy*,Rodney Hood,(N/A),"G,Flx",FA,,0,0,0,0,0,0,0,0,0,0,0,0,0,0,0,0,0,,,,,,,,
*03c6y*,Scotty Hopson,(N/A),"G,Flx",FA,,0,0,0,0,0,0,0,0,0,0,0,0,0,0,0,0,0,,,,,,,,
*06mof*,DJ Horne,(N/A),"G,Flx",FA,,0,0,0,0,0,0,0,0,0,0,0,0,0,0,0,0,0,,,,,,,,
*0666a*,Jeriah Horne,(N/A),"F,Flx",FA,,0,0,0,0,0,0,0,0,0,0,0,0,0,0,0,0,0,,,,,,,,
*0018a*,Dwight Howard,(N/A),"C,Flx",FA,,0,0,0,0,0,0,0,0,0,0,0,0,0,0,0,0,0,,,,,,,,
*05qui*,Markus Howard,(N/A),"G,Flx",FA,,0,0,0,0,0,0,0,0,0,0,0,0,0,0,0,0,0,,,,,,,,
*052lc*,William Howard,(N/A),"F,Flx",FA,,0,0,0,0,0,0,0,0,0,0,0,0,0,0,0,0,0,,,,,,,,
*038oh*,Richard Howell,(N/A),"F,Flx",FA,,0,0,0,0,0,0,0,0,0,0,0,0,0,0,0,0,0,,,,,,,,
*03e6w*,Josh Huestis,(N/A),"F,Flx",FA,,0,0,0,0,0,0,0,0,0,0,0,0,0,0,0,0,0,,,,,,,,
*05qta*,Elijah Hughes,(N/A),"G,Flx",FA,,0,0,0,0,0,0,0,0,0,0,0,0,0,0,0,0,0,,,,,,,,
*04xlp*,Isaac Humphries,(N/A),"F,Flx",FA,,0,0,0,0,0,0,0,0,0,0,0,0,0,0,0,0,0,,,,,,,,
*001b7*,Kris Humphries,(N/A),"F,C,Flx",FA,,0,0,0,0,0,0,0,0,0,0,0,0,0,0,0,0,0,,,,,,,,
*05ux6*,Feron Hunt,(N/A),"F,Flx",FA,,0,0,0,0,0,0,0,0,0,0,0,0,0,0,0,0,0,,,,,,,,
*03nwp*,R.J. Hunter,(N/A),"G,Flx",FA,,0,0,0,0,0,0,0,0,0,0,0,0,0,0,0,0,0,,,,,,,,
*05uun*,Matthew Hurt,(N/A),"F,Flx",FA,,0,0,0,0,0,0,0,0,0,0,0,0,0,0,0,0,0,,,,,,,,
*04qrz*,Chandler Hutchison,(N/A),"F,Flx",FA,,0,0,0,0,0,0,0,0,0,0,0,0,0,0,0,0,0,,,,,,,,
*004zi*,Mile Ilic,(N/A),"C,Flx",FA,,0,0,0,0,0,0,0,0,0,0,0,0,0,0,0,0,0,,,,,,,,
*01g61*,Ersan Ilyasova,(N/A),"F,Flx",FA,,0,0,0,0,0,0,0,0,0,0,0,0,0,0,0,0,0,,,,,,,,
*03e6x*,Damien Inglis,(N/A),"F,Flx",FA,,0,0,0,0,0,0,0,0,0,0,0,0,0,0,0,0,0,,,,,,,,
*04oba*,Andre Ingram,LAL,"G,Flx",FA,,0,0,0,0,0,0,0,0,0,0,0,0,0,0,0,0,0,,,,,,,,
*04ll4*,Ike Iroegbu,(N/A),"G,Flx",FA,,0,0,0,0,0,0,0,0,0,0,0,0,0,0,0,0,0,,,,,,,,
*04ewx*,Wes Iwundu,(N/A),"G,F,Flx",FA,,0,0,0,0,0,0,0,0,0,0,0,0,0,0,0,0,0,,,,,,,,
*0019f*,Jarrett Jack,(N/A),"G,Flx",FA,,0,0,0,0,0,0,0,0,0,0,0,0,0,0,0,0,0,,,,,,,,
*04obe*,Aaron Jackson,(N/A),"G,Flx",FA,,0,0,0,0,0,0,0,0,0,0,0,0,0,0,0,0,0,,,,,,,,
*042o4*,Demetrius Jackson,(N/A),"G,Flx",FA,,0,0,0,0,0,0,0,0,0,0,0,0,0,0,0,0,0,,,,,,,,
*03llx*,Josh Jackson,(N/A),"F,Flx",FA,,0,0,0,0,0,0,0,0,0,0,0,0,0,0,0,0,0,,,,,,,,
*04qsk*,Justin Jackson,ORL,"F,Flx",FA,,0,0,0,0,0,0,0,0,0,0,0,0,0,0,0,0,0,,,,,,,,
*031ms*,Pierre Jackson,(N/A),"G,Flx",FA,,0,0,0,0,0,0,0,0,0,0,0,0,0,0,0,0,0,,,,,,,,
*01uyc*,Damion James,(N/A),"F,Flx",FA,,0,0,0,0,0,0,0,0,0,0,0,0,0,0,0,0,0,,,,,,,,
*01n8g*,Dominic James,(N/A),"G,Flx",FA,,0,0,0,0,0,0,0,0,0,0,0,0,0,0,0,0,0,,,,,,,,
*06moo*,Josiah-Jordan James,(N/A),"G,Flx",FA,,0,0,0,0,0,0,0,0,0,0,0,0,0,0,0,0,0,,,,,,,,
*051pk*,Justin James,(N/A),"G,F,Flx",FA,,0,0,0,0,0,0,0,0,0,0,0,0,0,0,0,0,0,,,,,,,,
*041f7*,Mike James,(N/A),"G,Flx",FA,,0,0,0,0,0,0,0,0,0,0,0,0,0,0,0,0,0,,,,,,,,
*0483j*,Stefan Jankovic,(N/A),"F,Flx",FA,,0,0,0,0,0,0,0,0,0,0,0,0,0,0,0,0,0,,,,,,,,
*04exl*,Ognen Jaramaz,NY,"G,Flx",FA,POR 93<br/>@NY 110 F,0,0,0,0,0,0,0,0,0,0,0,0,0,0,0,0,0,,,,,,,,
*05uxx*,DeJon Jarreau,(N/A),"G,Flx",FA,,0,0,0,0,0,0,0,0,0,0,0,0,0,0,0,0,0,,,,,,,,
*031me*,Livio Jean-Charles,(N/A),"F,Flx",FA,,0,0,0,0,0,0,0,0,0,0,0,0,0,0,0,0,0,,,,,,,,
*049s7*,Jonathan Jeanne,(N/A),"C,Flx",FA,,0,0,0,0,0,0,0,0,0,0,0,0,0,0,0,0,0,,,,,,,,
*0016i*,Al Jefferson,(N/A),"F,C,Flx",FA,,0,0,0,0,0,0,0,0,0,0,0,0,0,0,0,0,0,,,,,,,,
*04l1w*,Amile Jefferson,(N/A),"F,Flx",FA,,0,0,0,0,0,0,0,0,0,0,0,0,0,0,0,0,0,,,,,,,,
*05xoc*,Damien Jefferson,(N/A),"F,Flx",FA,,0,0,0,0,0,0,0,0,0,0,0,0,0,0,0,0,0,,,,,,,,
*06375*,Drake Jeffries,(N/A),"G,Flx",FA,,0,0,0,0,0,0,0,0,0,0,0,0,0,0,0,0,0,,,,,,,,
*02nfn*,John Jenkins,(N/A),"G,F,Flx",FA,,0,0,0,0,0,0,0,0,0,0,0,0,0,0,0,0,0,,,,,,,,
*01enu*,Brandon Jennings,(N/A),"G,Flx",FA,,0,0,0,0,0,0,0,0,0,0,0,0,0,0,0,0,0,,,,,,,,
*01eng*,Jonas Jerebko,(N/A),"F,Flx",FA,,0,0,0,0,0,0,0,0,0,0,0,0,0,0,0,0,0,,,,,,,,
*05qu2*,Justinian Jessup,(N/A),"G,Flx",FA,,0,0,0,0,0,0,0,0,0,0,0,0,0,0,0,0,0,,,,,,,,
*00169*,Yi Jianlian,(N/A),"F,C,Flx",FA,,0,0,0,0,0,0,0,0,0,0,0,0,0,0,0,0,0,,,,,,,,
*0623j*,Theo John,(N/A),"F,Flx",FA,,0,0,0,0,0,0,0,0,0,0,0,0,0,0,0,0,0,,,,,,,,
*0012p*,Amir Johnson,(N/A),"F,C,Flx",FA,,0,0,0,0,0,0,0,0,0,0,0,0,0,0,0,0,0,,,,,,,,
*04w4k*,BJ Johnson,(N/A),"F,Flx",FA,,0,0,0,0,0,0,0,0,0,0,0,0,0,0,0,0,0,,,,,,,,
*042nk*,Brice Johnson,(N/A),"F,Flx",FA,,0,0,0,0,0,0,0,0,0,0,0,0,0,0,0,0,0,,,,,,,,
*03r81*,Dakari Johnson,(N/A),"C,Flx",FA,,0,0,0,0,0,0,0,0,0,0,0,0,0,0,0,0,0,,,,,,,,
*05ujl*,David Johnson,(N/A),"G,Flx",FA,,0,0,0,0,0,0,0,0,0,0,0,0,0,0,0,0,0,,,,,,,,
*001aa*,DerMarr Johnson,(N/A),"G,F,Flx",FA,,0,0,0,0,0,0,0,0,0,0,0,0,0,0,0,0,0,,,,,,,,
*067x0*,Jalen Johnson,(N/A),"G,Flx",FA,,0,0,0,0,0,0,0,0,0,0,0,0,0,0,0,0,0,,,,,,,,
*06hht*,Javan Johnson,(N/A),"F,Flx",FA,,0,0,0,0,0,0,0,0,0,0,0,0,0,0,0,0,0,,,,,,,,
*04lbu*,Jaylen Johnson,(N/A),"F,Flx",FA,,0,0,0,0,0,0,0,0,0,0,0,0,0,0,0,0,0,,,,,,,,
*000zn*,Joe Johnson,(N/A),"G,F,Flx",FA,,0,0,0,0,0,0,0,0,0,0,0,0,0,0,0,0,0,,,,,,,,
*03e76*,Nick Johnson,(N/A),"G,Flx",FA,,0,0,0,0,0,0,0,0,0,0,0,0,0,0,0,0,0,,,,,,,,
*03hz1*,Tyler Johnson,(N/A),"G,Flx",FA,,0,0,0,0,0,0,0,0,0,0,0,0,0,0,0,0,0,,,,,,,,
*01uyq*,Wesley Johnson,(N/A),"G,F,Flx",FA,,0,0,0,0,0,0,0,0,0,0,0,0,0,0,0,0,0,,,,,,,,
*02ngj*,Darius Johnson-Odom,(N/A),"G,Flx",FA,,0,0,0,0,0,0,0,0,0,0,0,0,0,0,0,0,0,,,,,,,,
*06hsk*,Jarkel Joiner,(N/A),"G,Flx",FA,,0,0,0,0,0,0,0,0,0,0,0,0,0,0,0,0,0,,,,,,,,
*04l1s*,Peter Jok,(N/A),"G,Flx",FA,,0,0,0,0,0,0,0,0,0,0,0,0,0,0,0,0,0,,,,,,,,
*01uyf*,Dominique Jones,(N/A),"G,Flx",FA,,0,0,0,0,0,0,0,0,0,0,0,0,0,0,0,0,0,,,,,,,,
*0484k*,Jalen Jones,(N/A),"G,F,Flx",FA,,0,0,0,0,0,0,0,0,0,0,0,0,0,0,0,0,0,,,,,,,,
*04za3*,Jemerrio Jones,(N/A),"G,F,Flx",FA,,0,0,0,0,0,0,0,0,0,0,0,0,0,0,0,0,0,,,,,,,,
*06mon*,Lance Jones,(N/A),"G,Flx",FA,,0,0,0,0,0,0,0,0,0,0,0,0,0,0,0,0,0,,,,,,,,
*02nfs*,Perry Jones,(N/A),"F,Flx",FA,,0,0,0,0,0,0,0,0,0,0,0,0,0,0,0,0,0,,,,,,,,
*02nfi*,Terrence Jones,HOU,"F,Flx",FA,HOU 148<br/>@PHO 109 F,0,0,0,0,0,0,0,0,0,0,0,0,0,0,0,0,0,,,,,,,,
*06hik*,Tevian Jones,(N/A),"G,Flx",FA,,0,0,0,0,0,0,0,0,0,0,0,0,0,0,0,0,0,,,,,,,,
*06hki*,Keshawn Justice,(N/A),"F,Flx",FA,,0,0,0,0,0,0,0,0,0,0,0,0,0,0,0,0,0,,,,,,,,
*04exn*,Alpha Kaba,ATL,"F,Flx",FA,ATL 145<br/>@MIL 124 F,0,0,0,0,0,0,0,0,0,0,0,0,0,0,0,0,0,,,,,,,,
*0393u*,Myck Kabongo,(N/A),"G,Flx",FA,,0,0,0,0,0,0,0,0,0,0,0,0,0,0,0,0,0,,,,,,,,
*04414*,Nikola Kalinic,(N/A),"F,Flx",FA,,0,0,0,0,0,0,0,0,0,0,0,0,0,0,0,0,0,,,,,,,,
*06hrt*,Gabe Kalscheur,(N/A),"G,Flx",FA,,0,0,0,0,0,0,0,0,0,0,0,0,0,0,0,0,0,,,,,,,,
*0014f*,Chris Kaman,(N/A),"F,C,Flx",FA,,0,0,0,0,0,0,0,0,0,0,0,0,0,0,0,0,0,,,,,,,,
*03hz2*,Michalis Kamperidis,(N/A),"F,Flx",FA,,0,0,0,0,0,0,0,0,0,0,0,0,0,0,0,0,0,,,,,,,,
*027p2*,Enes Kanter,(N/A),"C,Flx",FA,,0,0,0,0,0,0,0,0,0,0,0,0,0,0,0,0,0,,,,,,,,
*001b6*,Jason Kapono,(N/A),"G,F,Flx",FA,,0,0,0,0,0,0,0,0,0,0,0,0,0,0,0,0,0,,,,,,,,
*015t6*,Tre Kelley,(N/A),"G,Flx",FA,,0,0,0,0,0,0,0,0,0,0,0,0,0,0,0,0,0,,,,,,,,
*02j7d*,D.J. Kennedy,(N/A),"G,F,Flx",FA,,0,0,0,0,0,0,0,0,0,0,0,0,0,0,0,0,0,,,,,,,,
*052ld*,Stanton Kidd,(N/A),"F,Flx",FA,,0,0,0,0,0,0,0,0,0,0,0,0,0,0,0,0,0,,,,,,,,
*02nf2*,Michael Kidd-Gilchrist,(N/A),"F,Flx",FA,,0,0,0,0,0,0,0,0,0,0,0,0,0,0,0,0,0,,,,,,,,
*06376*,Sacha Killeya-Jones,(N/A),"F,Flx",FA,,0,0,0,0,0,0,0,0,0,0,0,0,0,0,0,0,0,,,,,,,,
*03lg0*,Sean Kilpatrick,(N/A),"G,Flx",FA,,0,0,0,0,0,0,0,0,0,0,0,0,0,0,0,0,0,,,,,,,,
*04qsz*,George King,(N/A),"G,F,Flx",FA,,0,0,0,0,0,0,0,0,0,0,0,0,0,0,0,0,0,,,,,,,,
*059qc*,Louis King,(N/A),"F,Flx",FA,,0,0,0,0,0,0,0,0,0,0,0,0,0,0,0,0,0,,,,,,,,
*059cl*,V.J. King,(N/A),"G,Flx",FA,,0,0,0,0,0,0,0,0,0,0,0,0,0,0,0,0,0,,,,,,,,
*06hif*,Taevion Kinsey,(N/A),"G,Flx",FA,,0,0,0,0,0,0,0,0,0,0,0,0,0,0,0,0,0,,,,,,,,
*0663u*,Noah Kirkwood,(N/A),"G,Flx",FA,,0,0,0,0,0,0,0,0,0,0,0,0,0,0,0,0,0,,,,,,,,
*0665a*,Reggie Kissoonlal,(N/A),"F,Flx",FA,,0,0,0,0,0,0,0,0,0,0,0,0,0,0,0,0,0,,,,,,,,
*0012b*,Linas Kleiza,(N/A),"F,Flx",FA,,0,0,0,0,0,0,0,0,0,0,0,0,0,0,0,0,0,,,,,,,,
*027or*,Brandon Knight,(N/A),"G,Flx",FA,,0,0,0,0,0,0,0,0,0,0,0,0,0,0,0,0,0,,,,,,,,
*02gzm*,Adam Koch,(N/A),"G,F,Flx",FA,,0,0,0,0,0,0,0,0,0,0,0,0,0,0,0,0,0,,,,,,,,
*04jw9*,Bronson Koenig,(N/A),"G,Flx",FA,,0,0,0,0,0,0,0,0,0,0,0,0,0,0,0,0,0,,,,,,,,
*059cb*,Sagaba Konate,(N/A),"F,Flx",FA,,0,0,0,0,0,0,0,0,0,0,0,0,0,0,0,0,0,,,,,,,,
*06q9l*,Miller Kopp,(N/A),"F,Flx",FA,,0,0,0,0,0,0,0,0,0,0,0,0,0,0,0,0,0,,,,,,,,
*0050c*,Yaroslav Korolev,(N/A),"F,Flx",FA,,0,0,0,0,0,0,0,0,0,0,0,0,0,0,0,0,0,,,,,,,,
*001bj*,Kyle Korver,(N/A),"G,F,Flx",FA,,0,0,0,0,0,0,0,0,0,0,0,0,0,0,0,0,0,,,,,,,,
*005lu*,Kosta Koufos,(N/A),"F,C,Flx",FA,,0,0,0,0,0,0,0,0,0,0,0,0,0,0,0,0,0,,,,,,,,
*059g1*,Christ Koumadje,(N/A),"C,Flx",FA,,0,0,0,0,0,0,0,0,0,0,0,0,0,0,0,0,0,,,,,,,,
*059ik*,David Kramer,(N/A),"G,Flx",FA,,0,0,0,0,0,0,0,0,0,0,0,0,0,0,0,0,0,,,,,,,,
*02oj1*,Viacheslav Kravtsov,(N/A),"C,Flx",FA,,0,0,0,0,0,0,0,0,0,0,0,0,0,0,0,0,0,,,,,,,,
*06452*,Tommy Kuhse,(N/A),"G,Flx",FA,,0,0,0,0,0,0,0,0,0,0,0,0,0,0,0,0,0,,,,,,,,
*04qsv*,Arnoldas Kulboka,(N/A),"F,Flx",FA,,0,0,0,0,0,0,0,0,0,0,0,0,0,0,0,0,0,,,,,,,,
*04qsh*,Rodions Kurucs,(N/A),"F,Flx",FA,,0,0,0,0,0,0,0,0,0,0,0,0,0,0,0,0,0,,,,,,,,
*043pn*,Mindaugas Kuzminskas,(N/A),"F,Flx",FA,,0,0,0,0,0,0,0,0,0,0,0,0,0,0,0,0,0,,,,,,,,
*03se2*,Michale Kyser,(N/A),"F,Flx",FA,,0,0,0,0,0,0,0,0,0,0,0,0,0,0,0,0,0,,,,,,,,
*059y6*,Trevor Lacey,MIL,"G,Flx",FA,ATL 145<br/>@MIL 124 F,0,0,0,0,0,0,0,0,0,0,0,0,0,0,0,0,0,,,,,,,,
*02nfc*,Jeremy Lamb,(N/A),"G,Flx",FA,,0,0,0,0,0,0,0,0,0,0,0,0,0,0,0,0,0,,,,,,,,
*049dw*,Nicolas Laprovittola,(N/A),"G,Flx",FA,,0,0,0,0,0,0,0,0,0,0,0,0,0,0,0,0,0,,,,,,,,
*031m5*,Shane Larkin,(N/A),"G,Flx",FA,,0,0,0,0,0,0,0,0,0,0,0,0,0,0,0,0,0,,,,,,,,
*04tm1*,Terry Larrier,(N/A),"F,Flx",FA,,0,0,0,0,0,0,0,0,0,0,0,0,0,0,0,0,0,,,,,,,,
*031n5*,Joffrey Lauvergne,(N/A),"F,C,Flx",FA,,0,0,0,0,0,0,0,0,0,0,0,0,0,0,0,0,0,,,,,,,,
*055sh*,Vic Law,(N/A),"G,F,Flx",FA,,0,0,0,0,0,0,0,0,0,0,0,0,0,0,0,0,0,,,,,,,,
*059q4*,Dedric Lawson,(N/A),"F,Flx",FA,,0,0,0,0,0,0,0,0,0,0,0,0,0,0,0,0,0,,,,,,,,
*01end*,Ty Lawson,(N/A),"G,Flx",FA,,0,0,0,0,0,0,0,0,0,0,0,0,0,0,0,0,0,,,,,,,,
*042o6*,Jake Layman,(N/A),"F,Flx",FA,,0,0,0,0,0,0,0,0,0,0,0,0,0,0,0,0,0,,,,,,,,
*06psp*,Jaedon LeDee,(N/A),"F,Flx",FA,,0,0,0,0,0,0,0,0,0,0,0,0,0,0,0,0,0,,,,,,,,
*04ewj*,T.J. Leaf,(N/A),"F,Flx",FA,,0,0,0,0,0,0,0,0,0,0,0,0,0,0,0,0,0,,,,,,,,
*0524h*,Jalen Lecque,(N/A),"G,Flx",FA,,0,0,0,0,0,0,0,0,0,0,0,0,0,0,0,0,0,,,,,,,,
*005lc*,Courtney Lee,(N/A),"G,F,Flx",FA,,0,0,0,0,0,0,0,0,0,0,0,0,0,0,0,0,0,,,,,,,,
*04uwn*,Marcus Lee,(N/A),"C,Flx",FA,,0,0,0,0,0,0,0,0,0,0,0,0,0,0,0,0,0,,,,,,,,
*04mus*,Walt Lemon Jr.,(N/A),"F,Flx",FA,,0,0,0,0,0,0,0,0,0,0,0,0,0,0,0,0,0,,,,,,,,
*027pp*,Jon Leuer,(N/A),"F,C,Flx",FA,,0,0,0,0,0,0,0,0,0,0,0,0,0,0,0,0,0,,,,,,,,
*023tj*,Dwight Lewis,(N/A),"G,Flx",FA,,0,0,0,0,0,0,0,0,0,0,0,0,0,0,0,0,0,,,,,,,,
*0623f*,Justin Lewis,(N/A),"F,Flx",FA,,0,0,0,0,0,0,0,0,0,0,0,0,0,0,0,0,0,,,,,,,,
*05wy5*,Matt Lewis,(N/A),"G,Flx",FA,,0,0,0,0,0,0,0,0,0,0,0,0,0,0,0,0,0,,,,,,,,
*05uju*,Scottie Lewis,(N/A),"G,Flx",FA,,0,0,0,0,0,0,0,0,0,0,0,0,0,0,0,0,0,,,,,,,,
*027q2*,DeAndre Liggins,(N/A),"G,F,Flx",FA,,0,0,0,0,0,0,0,0,0,0,0,0,0,0,0,0,0,,,,,,,,
*01wlo*,Jeremy Lin,(N/A),"G,Flx",FA,,0,0,0,0,0,0,0,0,0,0,0,0,0,0,0,0,0,,,,,,,,
*06h8i*,Scottie Lindsey,(N/A),"G,Flx",FA,,0,0,0,0,0,0,0,0,0,0,0,0,0,0,0,0,0,,,,,,,,
*04vy1*,Zach Lofton,(N/A),"G,Flx",FA,,0,0,0,0,0,0,0,0,0,0,0,0,0,0,0,0,0,,,,,,,,
*04846*,Shawn Long,(N/A),"F,C,Flx",FA,,0,0,0,0,0,0,0,0,0,0,0,0,0,0,0,0,0,,,,,,,,
*051pf*,Didi Louzada,POR,"G,Flx",FA,POR 93<br/>@NY 110 F,0,0,0,0,0,0,0,0,0,0,0,0,0,0,0,0,0,,,,,,,,
*04uq4*,Jordan Loyd,(N/A),"G,Flx",FA,,0,0,0,0,0,0,0,0,0,0,0,0,0,0,0,0,0,,,,,,,,
*060me*,Iffe Lundberg,PHO,"G,Flx",FA,HOU 148<br/>@PHO 109 F,0,0,0,0,0,0,0,0,0,0,0,0,0,0,0,0,0,,,,,,,,
*042nj*,Timothe Luwawu-Cabarrot,(N/A),"F,Flx",FA,,0,0,0,0,0,0,0,0,0,0,0,0,0,0,0,0,0,,,,,,,,
*04ewo*,Tyler Lydon,(N/A),"F,Flx",FA,,0,0,0,0,0,0,0,0,0,0,0,0,0,0,0,0,0,,,,,,,,
*043cl*,Sheldon Mac,(N/A),"G,Flx",FA,,0,0,0,0,0,0,0,0,0,0,0,0,0,0,0,0,0,,,,,,,,
*02wcx*,Scott Machado,LAL,"G,Flx",FA,,0,0,0,0,0,0,0,0,0,0,0,0,0,0,0,0,0,,,,,,,,
*027pj*,Shelvin Mack,(N/A),"G,Flx",FA,,0,0,0,0,0,0,0,0,0,0,0,0,0,0,0,0,0,,,,,,,,
*04xgh*,Daryl Macon,(N/A),"G,Flx",FA,,0,0,0,0,0,0,0,0,0,0,0,0,0,0,0,0,0,,,,,,,,
*04xhr*,J.P. Macura,CLE,"G,Flx",FA,LAC 122<br/>@CLE 127 F,0,0,0,0,0,0,0,0,0,0,0,0,0,0,0,0,0,,,,,,,,
*03zl4*,Josh Magette,(N/A),"G,Flx",FA,,0,0,0,0,0,0,0,0,0,0,0,0,0,0,0,0,0,,,,,,,,
*05qz2*,Will Magnay,(N/A),"F,C,Flx",FA,,0,0,0,0,0,0,0,0,0,0,0,0,0,0,0,0,0,,,,,,,,
*001ae*,Ian Mahinmi,(N/A),"C,Flx",FA,,0,0,0,0,0,0,0,0,0,0,0,0,0,0,0,0,0,,,,,,,,
*05xn9*,Denzel Mahoney,(N/A),"G,Flx",FA,,0,0,0,0,0,0,0,0,0,0,0,0,0,0,0,0,0,,,,,,,,
*063rs*,Makur Maker,(N/A),"C,Flx",FA,,0,0,0,0,0,0,0,0,0,0,0,0,0,0,0,0,0,,,,,,,,
*059y7*,Matur Maker,(N/A),"C,Flx",FA,,0,0,0,0,0,0,0,0,0,0,0,0,0,0,0,0,0,,,,,,,,
*03lgm*,Thon Maker,(N/A),"F,C,Flx",FA,,0,0,0,0,0,0,0,0,0,0,0,0,0,0,0,0,0,,,,,,,,
*06hqq*,Hunter Maldonado,(N/A),"G,Flx",FA,,0,0,0,0,0,0,0,0,0,0,0,0,0,0,0,0,0,,,,,,,,
*05qy9*,Karim Mane,(N/A),"G,Flx",FA,,0,0,0,0,0,0,0,0,0,0,0,0,0,0,0,0,0,,,,,,,,
*06hpm*,Kyle Mangas,(N/A),"G,Flx",FA,,0,0,0,0,0,0,0,0,0,0,0,0,0,0,0,0,0,,,,,,,,
*05qu3*,Nico Mannion,(N/A),"G,Flx",FA,,0,0,0,0,0,0,0,0,0,0,0,0,0,0,0,0,0,,,,,,,,
*03e7j*,Devyn Marble,(N/A),"G,F,Flx",FA,,0,0,0,0,0,0,0,0,0,0,0,0,0,0,0,0,0,,,,,,,,
*051q4*,Vanja Marinkovic,(N/A),"G,F,Flx",FA,,0,0,0,0,0,0,0,0,0,0,0,0,0,0,0,0,0,,,,,,,,
*0018z*,Shawn Marion,(N/A),"G,F,Flx",FA,,0,0,0,0,0,0,0,0,0,0,0,0,0,0,0,0,0,,,,,,,,
*03trs*,Derrick Marks,(N/A),"G,Flx",FA,,0,0,0,0,0,0,0,0,0,0,0,0,0,0,0,0,0,,,,,,,,
*01byj*,Cartier Martin,(N/A),"G,F,Flx",FA,,0,0,0,0,0,0,0,0,0,0,0,0,0,0,0,0,0,,,,,,,,
*03r7j*,Jarell Martin,(N/A),"F,C,Flx",FA,,0,0,0,0,0,0,0,0,0,0,0,0,0,0,0,0,0,,,,,,,,
*052c4*,Jeremiah Martin,(N/A),"G,Flx",FA,,0,0,0,0,0,0,0,0,0,0,0,0,0,0,0,0,0,,,,,,,,
*057a2*,Kelan Martin,(N/A),"F,Flx",FA,,0,0,0,0,0,0,0,0,0,0,0,0,0,0,0,0,0,,,,,,,,
*001by*,Roger Mason Jr.,(N/A),"G,Flx",FA,,0,0,0,0,0,0,0,0,0,0,0,0,0,0,0,0,0,,,,,,,,
*04ewy*,Frank Mason,(N/A),"G,Flx",FA,,0,0,0,0,0,0,0,0,0,0,0,0,0,0,0,0,0,,,,,,,,
*06moe*,Yauhen Massalski,(N/A),"F,Flx",FA,,0,0,0,0,0,0,0,0,0,0,0,0,0,0,0,0,0,,,,,,,,
*059vz*,CJ Massinburg,(N/A),"G,Flx",FA,,0,0,0,0,0,0,0,0,0,0,0,0,0,0,0,0,0,,,,,,,,
*04xgl*,Yante Maten,(N/A),"F,Flx",FA,,0,0,0,0,0,0,0,0,0,0,0,0,0,0,0,0,0,,,,,,,,
*04jw2*,Mangok Mathiang,(N/A),"F,C,Flx",FA,,0,0,0,0,0,0,0,0,0,0,0,0,0,0,0,0,0,,,,,,,,
*055c5*,Dakota Mathias,(N/A),"G,Flx",FA,,0,0,0,0,0,0,0,0,0,0,0,0,0,0,0,0,0,,,,,,,,
*05qyo*,Charles Matthews,(N/A),"G,Flx",FA,,0,0,0,0,0,0,0,0,0,0,0,0,0,0,0,0,0,,,,,,,,
*055c6*,Luke Maye,(N/A),"F,Flx",FA,,0,0,0,0,0,0,0,0,0,0,0,0,0,0,0,0,0,,,,,,,,
*06he0*,Matthew Mayer,(N/A),"F,Flx",FA,,0,0,0,0,0,0,0,0,0,0,0,0,0,0,0,0,0,,,,,,,,
*005l8*,O.J. Mayo,(N/A),"G,Flx",FA,,0,0,0,0,0,0,0,0,0,0,0,0,0,0,0,0,0,,,,,,,,
*005l7*,Luc Mbah a Moute,(N/A),"F,Flx",FA,,0,0,0,0,0,0,0,0,0,0,0,0,0,0,0,0,0,,,,,,,,
*03jvs*,James Michael McAdoo,(N/A),"F,Flx",FA,,0,0,0,0,0,0,0,0,0,0,0,0,0,0,0,0,0,,,,,,,,
*04ll1*,Tahjere McCall,(N/A),"G,Flx",FA,,0,0,0,0,0,0,0,0,0,0,0,0,0,0,0,0,0,,,,,,,,
*042ny*,Patrick McCaw,(N/A),"G,F,Flx",FA,,0,0,0,0,0,0,0,0,0,0,0,0,0,0,0,0,0,,,,,,,,
*06hrm*,Caleb McConnell,(N/A),"G,Flx",FA,,0,0,0,0,0,0,0,0,0,0,0,0,0,0,0,0,0,,,,,,,,
*04uq7*,Brandon McCoy,(N/A),"C,Flx",FA,,0,0,0,0,0,0,0,0,0,0,0,0,0,0,0,0,0,,,,,,,,
*06304*,Javante McCoy,(N/A),"G,Flx",FA,,0,0,0,0,0,0,0,0,0,0,0,0,0,0,0,0,0,,,,,,,,
*04lci*,Erik McCree,UTA,"F,Flx",FA,,0,0,0,0,0,0,0,0,0,0,0,0,0,0,0,0,0,,,,,,,,
*03ad6*,Chris McCullough,(N/A),"F,Flx",FA,,0,0,0,0,0,0,0,0,0,0,0,0,0,0,0,0,0,,,,,,,,
*03e6y*,K.J. McDaniels,(N/A),"F,Flx",FA,,0,0,0,0,0,0,0,0,0,0,0,0,0,0,0,0,0,,,,,,,,
*05qte*,Sean McDermott,(N/A),"F,Flx",FA,,0,0,0,0,0,0,0,0,0,0,0,0,0,0,0,0,0,,,,,,,,
*059fy*,William McDowell-White,(N/A),"G,Flx",FA,,0,0,0,0,0,0,0,0,0,0,0,0,0,0,0,0,0,,,,,,,,
*03e6p*,Mitch McGary,(N/A),"F,C,Flx",FA,,0,0,0,0,0,0,0,0,0,0,0,0,0,0,0,0,0,,,,,,,,
*06fpq*,Darius McGhee,(N/A),"G,Flx",FA,,0,0,0,0,0,0,0,0,0,0,0,0,0,0,0,0,0,,,,,,,,
*06prn*,Gabe McGlothan,DEN,"F,Flx",FA,,0,0,0,0,0,0,0,0,0,0,0,0,0,0,0,0,0,,,,,,,,
*05xnj*,Cameron McGriff,(N/A),"F,Flx",FA,,0,0,0,0,0,0,0,0,0,0,0,0,0,0,0,0,0,,,,,,,,
*04jwc*,Alfonzo McKinnie,(N/A),"F,Flx",FA,,0,0,0,0,0,0,0,0,0,0,0,0,0,0,0,0,0,,,,,,,,
*05wc6*,JaQuori McLaughlin,(N/A),"G,Flx",FA,,0,0,0,0,0,0,0,0,0,0,0,0,0,0,0,0,0,,,,,,,,
*031lu*,Ben McLemore,(N/A),"G,Flx",FA,,0,0,0,0,0,0,0,0,0,0,0,0,0,0,0,0,0,,,,,,,,
*06mom*,Jamuni McNeace,(N/A),"C,Flx",FA,,0,0,0,0,0,0,0,0,0,0,0,0,0,0,0,0,0,,,,,,,,
*03e7m*,Jordan McRae,(N/A),"G,Flx",FA,,0,0,0,0,0,0,0,0,0,0,0,0,0,0,0,0,0,,,,,,,,
*0019k*,Josh McRoberts,(N/A),"F,C,Flx",FA,,0,0,0,0,0,0,0,0,0,0,0,0,0,0,0,0,0,,,,,,,,
*01env*,Jodie Meeks,(N/A),"G,Flx",FA,,0,0,0,0,0,0,0,0,0,0,0,0,0,0,0,0,0,,,,,,,,
*04gwa*,Kennedy Meeks,(N/A),"C,Flx",FA,,0,0,0,0,0,0,0,0,0,0,0,0,0,0,0,0,0,,,,,,,,
*03soi*,Salah Mejri,(N/A),"C,Flx",FA,,0,0,0,0,0,0,0,0,0,0,0,0,0,0,0,0,0,,,,,,,,
*055bw*,Nicolo Melli,(N/A),"F,Flx",FA,,0,0,0,0,0,0,0,0,0,0,0,0,0,0,0,0,0,,,,,,,,
*02nfm*,Fab Melo,(N/A),"C,Flx",FA,,0,0,0,0,0,0,0,0,0,0,0,0,0,0,0,0,0,,,,,,,,
*042nz*,David Michineau,LAC,"G,Flx",FA,LAC 122<br/>@CLE 127 F,0,0,0,0,0,0,0,0,0,0,0,0,0,0,0,0,0,,,,,,,,
*03r7n*,Jordan Mickey,(N/A),"F,C,Flx",FA,,0,0,0,0,0,0,0,0,0,0,0,0,0,0,0,0,0,,,,,,,,
*059cg*,Eric Mika,(N/A),"C,Flx",FA,,0,0,0,0,0,0,0,0,0,0,0,0,0,0,0,0,0,,,,,,,,
*001bl*,C.J. Miles,(N/A),"G,F,Flx",FA,,0,0,0,0,0,0,0,0,0,0,0,0,0,0,0,0,0,,,,,,,,
*059g2*,Isaiah Miles,(N/A),"F,Flx",FA,,0,0,0,0,0,0,0,0,0,0,0,0,0,0,0,0,0,,,,,,,,
*06ceh*,Mike Miles,(N/A),"G,Flx",FA,,0,0,0,0,0,0,0,0,0,0,0,0,0,0,0,0,0,,,,,,,,
*00157*,Darko Milicic,(N/A),"C,Flx",FA,,0,0,0,0,0,0,0,0,0,0,0,0,0,0,0,0,0,,,,,,,,
*02nga*,Darius Miller,(N/A),"G,F,Flx",FA,,0,0,0,0,0,0,0,0,0,0,0,0,0,0,0,0,0,,,,,,,,
*05wy4*,Isaiah Miller,(N/A),"G,Flx",FA,,0,0,0,0,0,0,0,0,0,0,0,0,0,0,0,0,0,,,,,,,,
*03woz*,Malcolm Miller,(N/A),"G,F,Flx",FA,,0,0,0,0,0,0,0,0,0,0,0,0,0,0,0,0,0,,,,,,,,
*00152*,Mike Miller,(N/A),"G,F,Flx",FA,,0,0,0,0,0,0,0,0,0,0,0,0,0,0,0,0,0,,,,,,,,
*06mol*,Seth Millner,(N/A),"F,Flx",FA,,0,0,0,0,0,0,0,0,0,0,0,0,0,0,0,0,0,,,,,,,,
*023z9*,Elijah Millsap,(N/A),"G,F,Flx",FA,,0,0,0,0,0,0,0,0,0,0,0,0,0,0,0,0,0,,,,,,,,
*001bo*,Paul Millsap,(N/A),"F,Flx",FA,,0,0,0,0,0,0,0,0,0,0,0,0,0,0,0,0,0,,,,,,,,
*03r7k*,Nikola Milutinov,SA,"C,Flx",FA,,0,0,0,0,0,0,0,0,0,0,0,0,0,0,0,0,0,,,,,,,,
*03wqu*,Nick Minnerath,(N/A),"F,Flx",FA,,0,0,0,0,0,0,0,0,0,0,0,0,0,0,0,0,0,,,,,,,,
*064to*,Davion Mintz,(N/A),"G,Flx",FA,,0,0,0,0,0,0,0,0,0,0,0,0,0,0,0,0,0,,,,,,,,
*027p8*,Nikola Mirotic,(N/A),"F,Flx",FA,,0,0,0,0,0,0,0,0,0,0,0,0,0,0,0,0,0,,,,,,,,
*02h0c*,Tommy Mitchell,(N/A),"G,Flx",FA,,0,0,0,0,0,0,0,0,0,0,0,0,0,0,0,0,0,,,,,,,,
*06qf7*,Trhae Mitchell,(N/A),"G,Flx",FA,,0,0,0,0,0,0,0,0,0,0,0,0,0,0,0,0,0,,,,,,,,
*04l17*,Naz Mitrou-Long,(N/A),"G,Flx",FA,,0,0,0,0,0,0,0,0,0,0,0,0,0,0,0,0,0,,,,,,,,
*06667*,Aminu Mohammed,(N/A),"G,Flx",FA,,0,0,0,0,0,0,0,0,0,0,0,0,0,0,0,0,0,,,,,,,,
*0524i*,Adam Mokoka,(N/A),"G,Flx",FA,,0,0,0,0,0,0,0,0,0,0,0,0,0,0,0,0,0,,,,,,,,
*0623i*,Iverson Molinar,(N/A),"G,Flx",FA,,0,0,0,0,0,0,0,0,0,0,0,0,0,0,0,0,0,,,,,,,,
*01uyg*,Greg Monroe,(N/A),"C,Flx",FA,,0,0,0,0,0,0,0,0,0,0,0,0,0,0,0,0,0,,,,,,,,
*03rxk*,Luis Montero,(N/A),"F,Flx",FA,,0,0,0,0,0,0,0,0,0,0,0,0,0,0,0,0,0,,,,,,,,
*05qz8*,EJ Montgomery,(N/A),"F,Flx",FA,,0,0,0,0,0,0,0,0,0,0,0,0,0,0,0,0,0,,,,,,,,
*0590n*,Matt Mooney,NY,"G,Flx",FA,POR 93<br/>@NY 110 F,0,0,0,0,0,0,0,0,0,0,0,0,0,0,0,0,0,,,,,,,,
*04j1u*,Ben Moore,(N/A),"F,Flx",FA,,0,0,0,0,0,0,0,0,0,0,0,0,0,0,0,0,0,,,,,,,,
*04vxx*,Doral Moore,(N/A),"C,Flx",FA,,0,0,0,0,0,0,0,0,0,0,0,0,0,0,0,0,0,,,,,,,,
*027q4*,ETwaun Moore,(N/A),"G,Flx",FA,,0,0,0,0,0,0,0,0,0,0,0,0,0,0,0,0,0,,,,,,,,
*06cej*,Omari Moore,(N/A),"G,F,Flx",FA,,0,0,0,0,0,0,0,0,0,0,0,0,0,0,0,0,0,,,,,,,,
*06gsd*,Alex Morales,(N/A),"G,Flx",FA,,0,0,0,0,0,0,0,0,0,0,0,0,0,0,0,0,0,,,,,,,,
*03gyn*,Eric Moreland,(N/A),"F,Flx",FA,,0,0,0,0,0,0,0,0,0,0,0,0,0,0,0,0,0,,,,,,,,
*04jw7*,Jeremy Morgan,(N/A),"G,Flx",FA,,0,0,0,0,0,0,0,0,0,0,0,0,0,0,0,0,0,,,,,,,,
*058a2*,Juwan Morgan,(N/A),"F,Flx",FA,,0,0,0,0,0,0,0,0,0,0,0,0,0,0,0,0,0,,,,,,,,
*06mns*,Matt Morgan,(N/A),"G,Flx",FA,,0,0,0,0,0,0,0,0,0,0,0,0,0,0,0,0,0,,,,,,,,
*027pq*,Darius Morris,(N/A),"G,Flx",FA,,0,0,0,0,0,0,0,0,0,0,0,0,0,0,0,0,0,,,,,,,,
*04mx3*,Jaylen Morris,(N/A),"G,Flx",FA,,0,0,0,0,0,0,0,0,0,0,0,0,0,0,0,0,0,,,,,,,,
*0663x*,Darryl Morsell,(N/A),"G,Flx",FA,,0,0,0,0,0,0,0,0,0,0,0,0,0,0,0,0,0,,,,,,,,
*027p5*,Donatas Motiejunas,(N/A),"F,C,Flx",FA,,0,0,0,0,0,0,0,0,0,0,0,0,0,0,0,0,0,,,,,,,,
*04fj7*,Johnathan Motley,(N/A),"F,Flx",FA,,0,0,0,0,0,0,0,0,0,0,0,0,0,0,0,0,0,,,,,,,,
*03jm2*,Brock Motum,(N/A),"F,Flx",FA,,0,0,0,0,0,0,0,0,0,0,0,0,0,0,0,0,0,,,,,,,,
*05r1s*,Trey Mourning,(N/A),"F,Flx",FA,,0,0,0,0,0,0,0,0,0,0,0,0,0,0,0,0,0,,,,,,,,
*01vqb*,Timofey Mozgov,(N/A),"C,Flx",FA,,0,0,0,0,0,0,0,0,0,0,0,0,0,0,0,0,0,,,,,,,,
*03acz*,Emmanuel Mudiay,(N/A),"G,Flx",FA,,0,0,0,0,0,0,0,0,0,0,0,0,0,0,0,0,0,,,,,,,,
*031m1*,Shabazz Muhammad,(N/A),"G,F,Flx",FA,,0,0,0,0,0,0,0,0,0,0,0,0,0,0,0,0,0,,,,,,,,
*059ft*,Mychal Mulder,(N/A),"G,Flx",FA,,0,0,0,0,0,0,0,0,0,0,0,0,0,0,0,0,0,,,,,,,,
*01eo7*,Byron Mullens,(N/A),"F,C,Flx",FA,,0,0,0,0,0,0,0,0,0,0,0,0,0,0,0,0,0,,,,,,,,
*05qz5*,Ade Murkey,(N/A),"G,Flx",FA,,0,0,0,0,0,0,0,0,0,0,0,0,0,0,0,0,0,,,,,,,,
*06moc*,Grayson Murphy,(N/A),"G,Flx",FA,,0,0,0,0,0,0,0,0,0,0,0,0,0,0,0,0,0,,,,,,,,
*059cx*,Jordan Murphy,(N/A),"G,Flx",FA,,0,0,0,0,0,0,0,0,0,0,0,0,0,0,0,0,0,,,,,,,,
*04qs6*,Dzanan Musa,(N/A),"F,Flx",FA,,0,0,0,0,0,0,0,0,0,0,0,0,0,0,0,0,0,,,,,,,,
*049ra*,Mamadou NDiaye,(N/A),"C,Flx",FA,,0,0,0,0,0,0,0,0,0,0,0,0,0,0,0,0,0,,,,,,,,
*042oh*,Abdel Nader,(N/A),"F,Flx",FA,,0,0,0,0,0,0,0,0,0,0,0,0,0,0,0,0,0,,,,,,,,
*03e6r*,Shabazz Napier,(N/A),"G,Flx",FA,,0,0,0,0,0,0,0,0,0,0,0,0,0,0,0,0,0,,,,,,,,
*01uzo*,Hamady Ndiaye,(N/A),"C,Flx",FA,,0,0,0,0,0,0,0,0,0,0,0,0,0,0,0,0,0,,,,,,,,
*01wpw*,Gary Neal,ATL,"G,Flx",FA,ATL 145<br/>@MIL 124 F,0,0,0,0,0,0,0,0,0,0,0,0,0,0,0,0,0,,,,,,,,
*0018b*,Jameer Nelson,(N/A),"G,Flx",FA,,0,0,0,0,0,0,0,0,0,0,0,0,0,0,0,0,0,,,,,,,,
*06moh*,Jameer Nelson,(N/A),"G,Flx",FA,,0,0,0,0,0,0,0,0,0,0,0,0,0,0,0,0,0,,,,,,,,
*01n8i*,Spencer Nelson,(N/A),"F,Flx",FA,,0,0,0,0,0,0,0,0,0,0,0,0,0,0,0,0,0,,,,,,,,
*01nik*,Luke Nevill,(N/A),"C,Flx",FA,,0,0,0,0,0,0,0,0,0,0,0,0,0,0,0,0,0,,,,,,,,
*06moy*,Joirdon Nicholas,(N/A),"F,Flx",FA,,0,0,0,0,0,0,0,0,0,0,0,0,0,0,0,0,0,,,,,,,,
*04lbv*,Landry Nnoko,(N/A),"C,Flx",FA,,0,0,0,0,0,0,0,0,0,0,0,0,0,0,0,0,0,,,,,,,,
*00111*,Joakim Noah,(N/A),"F,C,Flx",FA,,0,0,0,0,0,0,0,0,0,0,0,0,0,0,0,0,0,,,,,,,,
*0010y*,Andres Nocioni,(N/A),"F,Flx",FA,,0,0,0,0,0,0,0,0,0,0,0,0,0,0,0,0,0,,,,,,,,
*06eoe*,Obadiah Noel,(N/A),"G,Flx",FA,,0,0,0,0,0,0,0,0,0,0,0,0,0,0,0,0,0,,,,,,,,
*031m3*,Lucas Nogueira,(N/A),"F,C,Flx",FA,,0,0,0,0,0,0,0,0,0,0,0,0,0,0,0,0,0,,,,,,,,
*06hhm*,Landers Nolley,(N/A),"G,Flx",FA,,0,0,0,0,0,0,0,0,0,0,0,0,0,0,0,0,0,,,,,,,,
*0522v*,Zach Norvell,(N/A),"G,Flx",FA,,0,0,0,0,0,0,0,0,0,0,0,0,0,0,0,0,0,,,,,,,,
*0013n*,Steve Novak,(N/A),"F,Flx",FA,,0,0,0,0,0,0,0,0,0,0,0,0,0,0,0,0,0,,,,,,,,
*0393n*,James Nunnally,(N/A),"F,Flx",FA,,0,0,0,0,0,0,0,0,0,0,0,0,0,0,0,0,0,,,,,,,,
*04aqo*,David Nwaba,(N/A),"F,Flx",FA,,0,0,0,0,0,0,0,0,0,0,0,0,0,0,0,0,0,,,,,,,,
*03siq*,JJ OBrien,(N/A),"F,Flx",FA,,0,0,0,0,0,0,0,0,0,0,0,0,0,0,0,0,0,,,,,,,,
*03e72*,Johnny OBryant III,(N/A),"F,Flx",FA,,0,0,0,0,0,0,0,0,0,0,0,0,0,0,0,0,0,,,,,,,,
*06669*,Alex OConnell,(N/A),"G,Flx",FA,,0,0,0,0,0,0,0,0,0,0,0,0,0,0,0,0,0,,,,,,,,
*0013q*,Jermaine ONeal,(N/A),"C,Flx",FA,,0,0,0,0,0,0,0,0,0,0,0,0,0,0,0,0,0,,,,,,,,
*06239*,Shareef ONeal,(N/A),"F,Flx",FA,,0,0,0,0,0,0,0,0,0,0,0,0,0,0,0,0,0,,,,,,,,
*02ngd*,Kyle OQuinn,(N/A),"F,C,Flx",FA,,0,0,0,0,0,0,0,0,0,0,0,0,0,0,0,0,0,,,,,,,,
*00508*,Lukasz Obrzut,(N/A),"C,Flx",FA,,0,0,0,0,0,0,0,0,0,0,0,0,0,0,0,0,0,,,,,,,,
*0484a*,Daniel Ochefu,(N/A),"C,Flx",FA,,0,0,0,0,0,0,0,0,0,0,0,0,0,0,0,0,0,,,,,,,,
*0019j*,Greg Oden,(N/A),"C,Flx",FA,,0,0,0,0,0,0,0,0,0,0,0,0,0,0,0,0,0,,,,,,,,
*059il*,Norense Odiase,(N/A),"C,Flx",FA,,0,0,0,0,0,0,0,0,0,0,0,0,0,0,0,0,0,,,,,,,,
*0014o*,Lamar Odom,(N/A),"F,Flx",FA,,0,0,0,0,0,0,0,0,0,0,0,0,0,0,0,0,0,,,,,,,,
*06qfk*,Josh Oduro,NO,"F,Flx",FA,,0,0,0,0,0,0,0,0,0,0,0,0,0,0,0,0,0,,,,,,,,
*04ex0*,Semi Ojeleye,(N/A),"F,Flx",FA,,0,0,0,0,0,0,0,0,0,0,0,0,0,0,0,0,0,,,,,,,,
*0010j*,Emeka Okafor,(N/A),"C,Flx",FA,,0,0,0,0,0,0,0,0,0,0,0,0,0,0,0,0,0,,,,,,,,
*03ad1*,Jahlil Okafor,(N/A),"C,Flx",FA,,0,0,0,0,0,0,0,0,0,0,0,0,0,0,0,0,0,,,,,,,,
*04qs8*,Elie Okobo,(N/A),"G,Flx",FA,,0,0,0,0,0,0,0,0,0,0,0,0,0,0,0,0,0,,,,,,,,
*001bg*,Mehmet Okur,(N/A),"C,Flx",FA,,0,0,0,0,0,0,0,0,0,0,0,0,0,0,0,0,0,,,,,,,,
*04fj9*,Cameron Oliver,(N/A),"F,Flx",FA,,0,0,0,0,0,0,0,0,0,0,0,0,0,0,0,0,0,,,,,,,,
*04xic*,Nuni Omot,(N/A),"F,Flx",FA,,0,0,0,0,0,0,0,0,0,0,0,0,0,0,0,0,0,,,,,,,,
*06hie*,Nick Ongenda,(N/A),"C,Flx",FA,,0,0,0,0,0,0,0,0,0,0,0,0,0,0,0,0,0,,,,,,,,
*051q2*,Miye Oni,(N/A),"G,Flx",FA,,0,0,0,0,0,0,0,0,0,0,0,0,0,0,0,0,0,,,,,,,,
*05ux2*,EJ Onu,(N/A),"F,Flx",FA,,0,0,0,0,0,0,0,0,0,0,0,0,0,0,0,0,0,,,,,,,,
*03732*,Arinze Onuaku,(N/A),"F,Flx",FA,,0,0,0,0,0,0,0,0,0,0,0,0,0,0,0,0,0,,,,,,,,
*042nx*,Chinanu Onuaku,(N/A),"F,C,Flx",FA,,0,0,0,0,0,0,0,0,0,0,0,0,0,0,0,0,0,,,,,,,,
*06prm*,Gabe Osabuohien,CLE,"F,Flx",FA,LAC 122<br/>@CLE 127 F,0,0,0,0,0,0,0,0,0,0,0,0,0,0,0,0,0,,,,,,,,
*031n1*,Romero Osby,(N/A),"F,Flx",FA,,0,0,0,0,0,0,0,0,0,0,0,0,0,0,0,0,0,,,,,,,,
*05que*,Daniel Oturu,(N/A),"C,Flx",FA,,0,0,0,0,0,0,0,0,0,0,0,0,0,0,0,0,0,,,,,,,,
*04hon*,Yakuba Ouattara,(N/A),"G,Flx",FA,,0,0,0,0,0,0,0,0,0,0,0,0,0,0,0,0,0,,,,,,,,
*0019a*,Travis Outlaw,(N/A),"F,Flx",FA,,0,0,0,0,0,0,0,0,0,0,0,0,0,0,0,0,0,,,,,,,,
*059im*,Tariq Owens,(N/A),"F,Flx",FA,,0,0,0,0,0,0,0,0,0,0,0,0,0,0,0,0,0,,,,,,,,
*000zo*,Zaza Pachulia,(N/A),"C,Flx",FA,,0,0,0,0,0,0,0,0,0,0,0,0,0,0,0,0,0,,,,,,,,
*05ybc*,Jaysean Paige,(N/A),"G,Flx",FA,,0,0,0,0,0,0,0,0,0,0,0,0,0,0,0,0,0,,,,,,,,
*042oe*,Marcus Paige,(N/A),"G,Flx",FA,,0,0,0,0,0,0,0,0,0,0,0,0,0,0,0,0,0,,,,,,,,
*059qa*,James Palmer Jr.,(N/A),"G,Flx",FA,,0,0,0,0,0,0,0,0,0,0,0,0,0,0,0,0,0,,,,,,,,
*023vc*,Kevin Palmer,(N/A),"G,F,Flx",FA,,0,0,0,0,0,0,0,0,0,0,0,0,0,0,0,0,0,,,,,,,,
*05yaa*,Trayvon Palmer,(N/A),"G,Flx",FA,,0,0,0,0,0,0,0,0,0,0,0,0,0,0,0,0,0,,,,,,,,
*059wu*,Bubu Palo,(N/A),"G,Flx",FA,,0,0,0,0,0,0,0,0,0,0,0,0,0,0,0,0,0,,,,,,,,
*05wn0*,Kevin Pangos,(N/A),"G,Flx",FA,,0,0,0,0,0,0,0,0,0,0,0,0,0,0,0,0,0,,,,,,,,
*042n9*,Georgios Papagiannis,(N/A),"C,Flx",FA,,0,0,0,0,0,0,0,0,0,0,0,0,0,0,0,0,0,,,,,,,,
*02ngc*,Kostas Papanikolaou,(N/A),"F,Flx",FA,,0,0,0,0,0,0,0,0,0,0,0,0,0,0,0,0,0,,,,,,,,
*02gvk*,Jeremy Pargo,GS,"G,Flx",FA,GS 148<br/>@SA 106 F,0,0,0,0,0,0,0,0,0,0,0,0,0,0,0,0,0,,,,,,,,
*02v2t*,Jabari Parker,(N/A),"F,Flx",FA,,0,0,0,0,0,0,0,0,0,0,0,0,0,0,0,0,0,,,,,,,,
*03zl2*,Bobby Ray Parks Jr.,(N/A),"G,Flx",FA,,0,0,0,0,0,0,0,0,0,0,0,0,0,0,0,0,0,,,,,,,,
*027pn*,Chandler Parsons,(N/A),"F,Flx",FA,,0,0,0,0,0,0,0,0,0,0,0,0,0,0,0,0,0,,,,,,,,
*04ewp*,Anzejs Pasecniks,(N/A),"C,Flx",FA,,0,0,0,0,0,0,0,0,0,0,0,0,0,0,0,0,0,,,,,,,,
*05qzb*,Devonte Patterson,(N/A),"F,Flx",FA,,0,0,0,0,0,0,0,0,0,0,0,0,0,0,0,0,0,,,,,,,,
*01scu*,Patrick Patterson,(N/A),"F,Flx",FA,,0,0,0,0,0,0,0,0,0,0,0,0,0,0,0,0,0,,,,,,,,
*04ewh*,Justin Patton,(N/A),"C,Flx",FA,,0,0,0,0,0,0,0,0,0,0,0,0,0,0,0,0,0,,,,,,,,
*044td*,Brandon Paul,(N/A),"G,Flx",FA,,0,0,0,0,0,0,0,0,0,0,0,0,0,0,0,0,0,,,,,,,,
*04l1u*,L.J. Peak,(N/A),"G,Flx",FA,,0,0,0,0,0,0,0,0,0,0,0,0,0,0,0,0,0,,,,,,,,
*04vyd*,Norvel Pelle,(N/A),"C,Flx",FA,,0,0,0,0,0,0,0,0,0,0,0,0,0,0,0,0,0,,,,,,,,
*06mnq*,Drew Pember,(N/A),"F,Flx",FA,,0,0,0,0,0,0,0,0,0,0,0,0,0,0,0,0,0,,,,,,,,
*03wm7*,Kleon Penn,(N/A),"C,Flx",FA,,0,0,0,0,0,0,0,0,0,0,0,0,0,0,0,0,0,,,,,,,,
*06kxd*,Maozinha Pereira,(N/A),"F,Flx",FA,,0,0,0,0,0,0,0,0,0,0,0,0,0,0,0,0,0,,,,,,,,
*059fw*,Josh Perkins,(N/A),"G,Flx",FA,,0,0,0,0,0,0,0,0,0,0,0,0,0,0,0,0,0,,,,,,,,
*00105*,Kendrick Perkins,(N/A),"C,Flx",FA,,0,0,0,0,0,0,0,0,0,0,0,0,0,0,0,0,0,,,,,,,,
*04k4q*,London Perrantes,(N/A),"G,Flx",FA,,0,0,0,0,0,0,0,0,0,0,0,0,0,0,0,0,0,,,,,,,,
*05qsz*,Reggie Perry,(N/A),"F,Flx",FA,,0,0,0,0,0,0,0,0,0,0,0,0,0,0,0,0,0,,,,,,,,
*04exh*,Alec Peters,(N/A),"F,Flx",FA,,0,0,0,0,0,0,0,0,0,0,0,0,0,0,0,0,0,,,,,,,,
*059cm*,Lamar Peters,(N/A),"G,Flx",FA,,0,0,0,0,0,0,0,0,0,0,0,0,0,0,0,0,0,,,,,,,,
*05ujo*,Filip Petrusev,(N/A),"F,C,Flx",FA,,0,0,0,0,0,0,0,0,0,0,0,0,0,0,0,0,0,,,,,,,,
*05xog*,John Petty,(N/A),"G,Flx",FA,,0,0,0,0,0,0,0,0,0,0,0,0,0,0,0,0,0,,,,,,,,
*04zi8*,Tarik Phillip,(N/A),"G,Flx",FA,,0,0,0,0,0,0,0,0,0,0,0,0,0,0,0,0,0,,,,,,,,
*05wvv*,Jamorko Pickett,(N/A),"F,Flx",FA,,0,0,0,0,0,0,0,0,0,0,0,0,0,0,0,0,0,,,,,,,,
*0665c*,Nate Pierre-Louis,(N/A),"F,Flx",FA,,0,0,0,0,0,0,0,0,0,0,0,0,0,0,0,0,0,,,,,,,,
*00131*,Mickael Pietrus,(N/A),"G,F,Flx",FA,,0,0,0,0,0,0,0,0,0,0,0,0,0,0,0,0,0,,,,,,,,
*055ol*,Isaiah Pineiro,(N/A),"G,Flx",FA,,0,0,0,0,0,0,0,0,0,0,0,0,0,0,0,0,0,,,,,,,,
*059vm*,Kavion Pippen,(N/A),"C,Flx",FA,,0,0,0,0,0,0,0,0,0,0,0,0,0,0,0,0,0,,,,,,,,
*043i5*,Marshall Plumlee,(N/A),"C,Flx",FA,,0,0,0,0,0,0,0,0,0,0,0,0,0,0,0,0,0,,,,,,,,
*02nfq*,Miles Plumlee,(N/A),"F,C,Flx",FA,,0,0,0,0,0,0,0,0,0,0,0,0,0,0,0,0,0,,,,,,,,
*03r86*,SirDominic Pointer,CLE,"F,Flx",FA,LAC 122<br/>@CLE 127 F,0,0,0,0,0,0,0,0,0,0,0,0,0,0,0,0,0,,,,,,,,
*052h2*,Vincent Poirier,(N/A),"C,Flx",FA,,0,0,0,0,0,0,0,0,0,0,0,0,0,0,0,0,0,,,,,,,,
*06psv*,Tyler Polley,(N/A),"F,Flx",FA,,0,0,0,0,0,0,0,0,0,0,0,0,0,0,0,0,0,,,,,,,,
*01uyz*,Quincy Pondexter,(N/A),"G,F,Flx",FA,,0,0,0,0,0,0,0,0,0,0,0,0,0,0,0,0,0,,,,,,,,
*059fz*,Shamorie Ponds,(N/A),"G,Flx",FA,,0,0,0,0,0,0,0,0,0,0,0,0,0,0,0,0,0,,,,,,,,
*05uum*,Yves Pons,MEM,"F,Flx",FA,,0,0,0,0,0,0,0,0,0,0,0,0,0,0,0,0,0,,,,,,,,
*03nws*,Malik Pope,(N/A),"F,Flx",FA,,0,0,0,0,0,0,0,0,0,0,0,0,0,0,0,0,0,,,,,,,,
*05gwp*,Jontay Porter,TOR,"F,C,Flx",FA,TOR 127<br/>@PHI 109 F,0,0,0,0,0,0,0,0,0,0,0,0,0,0,0,0,0,,,,,,,,
*00102*,James Posey,(N/A),"G,F,Flx",FA,,0,0,0,0,0,0,0,0,0,0,0,0,0,0,0,0,0,,,,,,,,
*06gnp*,Justin Powell,(N/A),"G,Flx",FA,,0,0,0,0,0,0,0,0,0,0,0,0,0,0,0,0,0,,,,,,,,
*05qsv*,Myles Powell,(N/A),"G,Flx",FA,,0,0,0,0,0,0,0,0,0,0,0,0,0,0,0,0,0,,,,,,,,
*047j6*,Alex Poythress,(N/A),"F,Flx",FA,,0,0,0,0,0,0,0,0,0,0,0,0,0,0,0,0,0,,,,,,,,
*04rvz*,Billy Preston,(N/A),"F,Flx",FA,,0,0,0,0,0,0,0,0,0,0,0,0,0,0,0,0,0,,,,,,,,
*01enm*,A.J. Price,PHO,"G,Flx",FA,HOU 148<br/>@PHO 109 F,0,0,0,0,0,0,0,0,0,0,0,0,0,0,0,0,0,,,,,,,,
*06mnt*,Charles Pride,(N/A),"G,Flx",FA,,0,0,0,0,0,0,0,0,0,0,0,0,0,0,0,0,0,,,,,,,,
*02oyy*,Pablo Prigioni,(N/A),"G,Flx",FA,,0,0,0,0,0,0,0,0,0,0,0,0,0,0,0,0,0,,,,,,,,
*0012k*,Tayshaun Prince,(N/A),"F,Flx",FA,,0,0,0,0,0,0,0,0,0,0,0,0,0,0,0,0,0,,,,,,,,
*042o2*,Zhou Qi,(N/A),"F,Flx",FA,,0,0,0,0,0,0,0,0,0,0,0,0,0,0,0,0,0,,,,,,,,
*044tf*,Tim Quarterman,(N/A),"G,Flx",FA,,0,0,0,0,0,0,0,0,0,0,0,0,0,0,0,0,0,,,,,,,,
*0015t*,Chris Quinn,(N/A),"G,Flx",FA,,0,0,0,0,0,0,0,0,0,0,0,0,0,0,0,0,0,,,,,,,,
*03llv*,Ivan Rabb,(N/A),"F,Flx",FA,,0,0,0,0,0,0,0,0,0,0,0,0,0,0,0,0,0,,,,,,,,
*05xo8*,Brandon Rachal,(N/A),"G,Flx",FA,,0,0,0,0,0,0,0,0,0,0,0,0,0,0,0,0,0,,,,,,,,
*06moj*,Tyrece Radford,(N/A),"G,Flx",FA,,0,0,0,0,0,0,0,0,0,0,0,0,0,0,0,0,0,,,,,,,,
*03r8a*,Nikola Radicevic,DEN,"G,Flx",FA,,0,0,0,0,0,0,0,0,0,0,0,0,0,0,0,0,0,,,,,,,,
*033b7*,Miroslav Raduljica,(N/A),"C,Flx",FA,,0,0,0,0,0,0,0,0,0,0,0,0,0,0,0,0,0,,,,,,,,
*045gs*,Chasson Randle,(N/A),"G,Flx",FA,,0,0,0,0,0,0,0,0,0,0,0,0,0,0,0,0,0,,,,,,,,
*03wp0*,Levi Randolph,(N/A),"G,Flx",FA,,0,0,0,0,0,0,0,0,0,0,0,0,0,0,0,0,0,,,,,,,,
*0018o*,Shavlik Randolph,(N/A),"F,Flx",FA,,0,0,0,0,0,0,0,0,0,0,0,0,0,0,0,0,0,,,,,,,,
*04k0r*,Xavier Rathan-Mayes,(N/A),"G,Flx",FA,,0,0,0,0,0,0,0,0,0,0,0,0,0,0,0,0,0,,,,,,,,
*055ok*,Josh Reaves,(N/A),"G,Flx",FA,,0,0,0,0,0,0,0,0,0,0,0,0,0,0,0,0,0,,,,,,,,
*0018d*,JJ Redick,(N/A),"G,Flx",FA,,0,0,0,0,0,0,0,0,0,0,0,0,0,0,0,0,0,,,,,,,,
*02x6i*,Willie Reed,(N/A),"F,C,Flx",FA,,0,0,0,0,0,0,0,0,0,0,0,0,0,0,0,0,0,,,,,,,,
*0664x*,A.J. Reeves,(N/A),"G,Flx",FA,,0,0,0,0,0,0,0,0,0,0,0,0,0,0,0,0,0,,,,,,,,
*05xkz*,Nate Renfro,(N/A),"F,Flx",FA,,0,0,0,0,0,0,0,0,0,0,0,0,0,0,0,0,0,,,,,,,,
*04xl8*,Cameron Reynolds,HOU,"G,F,Flx",FA,HOU 148<br/>@PHO 109 F,0,0,0,0,0,0,0,0,0,0,0,0,0,0,0,0,0,,,,,,,,
*00501*,Darius Rice,(N/A),"F,Flx",FA,,0,0,0,0,0,0,0,0,0,0,0,0,0,0,0,0,0,,,,,,,,
*06cem*,SirJabari Rice,(N/A),"G,Flx",FA,,0,0,0,0,0,0,0,0,0,0,0,0,0,0,0,0,0,,,,,,,,
*01uzt*,Ryan Richards,(N/A),"F,C,Flx",FA,,0,0,0,0,0,0,0,0,0,0,0,0,0,0,0,0,0,,,,,,,,
*0051o*,Anthony Richardson,(N/A),"F,Flx",FA,,0,0,0,0,0,0,0,0,0,0,0,0,0,0,0,0,0,,,,,,,,
*042nh*,Malachi Richardson,(N/A),"G,Flx",FA,,0,0,0,0,0,0,0,0,0,0,0,0,0,0,0,0,0,,,,,,,,
*05qtp*,Grant Riller,(N/A),"G,Flx",FA,,0,0,0,0,0,0,0,0,0,0,0,0,0,0,0,0,0,,,,,,,,
*031md*,Andre Roberson,BKN,"G,F,Flx",FA,,0,0,0,0,0,0,0,0,0,0,0,0,0,0,0,0,0,,,,,,,,
*01ng3*,Lawrence Roberts,(N/A),"F,Flx",FA,,0,0,0,0,0,0,0,0,0,0,0,0,0,0,0,0,0,,,,,,,,
*06hrv*,Nate Roberts,(N/A),"C,Flx",FA,,0,0,0,0,0,0,0,0,0,0,0,0,0,0,0,0,0,,,,,,,,
*04hop*,Devin Robinson,(N/A),"G,F,Flx",FA,,0,0,0,0,0,0,0,0,0,0,0,0,0,0,0,0,0,,,,,,,,
*015xx*,Frank Robinson,(N/A),"G,Flx",FA,,0,0,0,0,0,0,0,0,0,0,0,0,0,0,0,0,0,,,,,,,,
*06prj*,Galen Robinson,(N/A),"G,Flx",FA,,0,0,0,0,0,0,0,0,0,0,0,0,0,0,0,0,0,,,,,,,,
*03aqc*,Glenn Robinson,(N/A),"G,F,Flx",FA,,0,0,0,0,0,0,0,0,0,0,0,0,0,0,0,0,0,,,,,,,,
*04qrq*,Jerome Robinson,(N/A),"G,Flx",FA,,0,0,0,0,0,0,0,0,0,0,0,0,0,0,0,0,0,,,,,,,,
*056ap*,Justin Robinson,(N/A),"G,Flx",FA,,0,0,0,0,0,0,0,0,0,0,0,0,0,0,0,0,0,,,,,,,,
*0017t*,Nate Robinson,NO,"G,Flx",FA,CHA 94<br/>@NO 98 F,0,0,0,0,0,0,0,0,0,0,0,0,0,0,0,0,0,,,,,,,,
*02nf5*,Thomas Robinson,(N/A),"F,C,Flx",FA,,0,0,0,0,0,0,0,0,0,0,0,0,0,0,0,0,0,,,,,,,,
*01nal*,Leon Rodgers,(N/A),"F,Flx",FA,,0,0,0,0,0,0,0,0,0,0,0,0,0,0,0,0,0,,,,,,,,
*01uzp*,Magnum Rolle,(N/A),"F,C,Flx",FA,,0,0,0,0,0,0,0,0,0,0,0,0,0,0,0,0,0,,,,,,,,
*00107*,Rajon Rondo,(N/A),"G,Flx",FA,,0,0,0,0,0,0,0,0,0,0,0,0,0,0,0,0,0,,,,,,,,
*005kl*,Brandon Rush,POR,"G,F,Flx",FA,POR 93<br/>@NY 110 F,0,0,0,0,0,0,0,0,0,0,0,0,0,0,0,0,0,,,,,,,,
*06pvt*,Cormac Ryan,(N/A),"G,Flx",FA,,0,0,0,0,0,0,0,0,0,0,0,0,0,0,0,0,0,,,,,,,,
*06moz*,Neal Sako,(N/A),"C,Flx",FA,,0,0,0,0,0,0,0,0,0,0,0,0,0,0,0,0,0,,,,,,,,
*051oz*,Luka Samanic,(N/A),"F,Flx",FA,,0,0,0,0,0,0,0,0,0,0,0,0,0,0,0,0,0,,,,,,,,
*04xm0*,Brandon Sampson,(N/A),"G,Flx",FA,,0,0,0,0,0,0,0,0,0,0,0,0,0,0,0,0,0,,,,,,,,
*03ku5*,JaKarr Sampson,(N/A),"F,Flx",FA,,0,0,0,0,0,0,0,0,0,0,0,0,0,0,0,0,0,,,,,,,,
*03knf*,Orlando Sanchez,(N/A),"F,Flx",FA,,0,0,0,0,0,0,0,0,0,0,0,0,0,0,0,0,0,,,,,,,,
*01uyo*,Larry Sanders,(N/A),"F,C,Flx",FA,,0,0,0,0,0,0,0,0,0,0,0,0,0,0,0,0,0,,,,,,,,
*04qsl*,Issuf Sanon,WAS,"G,Flx",FA,,0,0,0,0,0,0,0,0,0,0,0,0,0,0,0,0,0,,,,,,,,
*02nfw*,Tomas Satoransky,(N/A),"G,Flx",FA,,0,0,0,0,0,0,0,0,0,0,0,0,0,0,0,0,0,,,,,,,,
*00104*,Brian Scalabrine,(N/A),"F,C,Flx",FA,,0,0,0,0,0,0,0,0,0,0,0,0,0,0,0,0,0,,,,,,,,
*02ng7*,Mike Scott,(N/A),"F,Flx",FA,,0,0,0,0,0,0,0,0,0,0,0,0,0,0,0,0,0,,,,,,,,
*059xh*,Mike Scott,(N/A),"G,Flx",FA,,0,0,0,0,0,0,0,0,0,0,0,0,0,0,0,0,0,,,,,,,,
*03wou*,Shannon Scott,(N/A),"G,Flx",FA,,0,0,0,0,0,0,0,0,0,0,0,0,0,0,0,0,0,,,,,,,,
*05r0c*,Tre Scott,(N/A),"F,Flx",FA,,0,0,0,0,0,0,0,0,0,0,0,0,0,0,0,0,0,,,,,,,,
*05qsy*,Jay Scrubb,(N/A),"G,Flx",FA,,0,0,0,0,0,0,0,0,0,0,0,0,0,0,0,0,0,,,,,,,,
*00110*,Thabo Sefolosha,(N/A),"G,F,Flx",FA,,0,0,0,0,0,0,0,0,0,0,0,0,0,0,0,0,0,,,,,,,,
*04sy3*,Renaldas Seibutis,LAC,"G,Flx",FA,LAC 122<br/>@CLE 127 F,0,0,0,0,0,0,0,0,0,0,0,0,0,0,0,0,0,,,,,,,,
*03byj*,Wayne Selden Jr.,(N/A),"G,Flx",FA,,0,0,0,0,0,0,0,0,0,0,0,0,0,0,0,0,0,,,,,,,,
*0016a*,Ramon Sessions,(N/A),"G,Flx",FA,,0,0,0,0,0,0,0,0,0,0,0,0,0,0,0,0,0,,,,,,,,
*05qyy*,Nate Sestina,(N/A),"F,Flx",FA,,0,0,0,0,0,0,0,0,0,0,0,0,0,0,0,0,0,,,,,,,,
*0663t*,Jaden Shackelford,(N/A),"G,Flx",FA,,0,0,0,0,0,0,0,0,0,0,0,0,0,0,0,0,0,,,,,,,,
*051py*,Marial Shayok,(N/A),"G,F,Flx",FA,,0,0,0,0,0,0,0,0,0,0,0,0,0,0,0,0,0,,,,,,,,
*02ngi*,Tornike Shengelia,(N/A),"F,Flx",FA,,0,0,0,0,0,0,0,0,0,0,0,0,0,0,0,0,0,,,,,,,,
*059g5*,Simi Shittu,(N/A),"F,C,Flx",FA,,0,0,0,0,0,0,0,0,0,0,0,0,0,0,0,0,0,,,,,,,,
*05xp4*,Devontae Shuler,(N/A),"G,Flx",FA,,0,0,0,0,0,0,0,0,0,0,0,0,0,0,0,0,0,,,,,,,,
*027p1*,Iman Shumpert,BKN,"G,F,Flx",FA,,0,0,0,0,0,0,0,0,0,0,0,0,0,0,0,0,0,,,,,,,,
*03wox*,Jordan Sibert,(N/A),"G,Flx",FA,,0,0,0,0,0,0,0,0,0,0,0,0,0,0,0,0,0,,,,,,,,
*02gxk*,Xavier Silas,(N/A),"G,Flx",FA,,0,0,0,0,0,0,0,0,0,0,0,0,0,0,0,0,0,,,,,,,,
*04415*,Borisa Simanic,(N/A),"F,Flx",FA,,0,0,0,0,0,0,0,0,0,0,0,0,0,0,0,0,0,,,,,,,,
*03se0*,Jonathon Simmons,(N/A),"G,F,Flx",FA,,0,0,0,0,0,0,0,0,0,0,0,0,0,0,0,0,0,,,,,,,,
*04is8*,Kobi Simmons,(N/A),"G,Flx",FA,,0,0,0,0,0,0,0,0,0,0,0,0,0,0,0,0,0,,,,,,,,
*05uw9*,Aamir Simms,(N/A),"F,Flx",FA,,0,0,0,0,0,0,0,0,0,0,0,0,0,0,0,0,0,,,,,,,,
*03lgl*,Justin Simon,(N/A),"G,Flx",FA,,0,0,0,0,0,0,0,0,0,0,0,0,0,0,0,0,0,,,,,,,,
*0392b*,DeShawn Sims,(N/A),"F,Flx",FA,,0,0,0,0,0,0,0,0,0,0,0,0,0,0,0,0,0,,,,,,,,
*027pi*,Kyle Singler,(N/A),"G,F,Flx",FA,,0,0,0,0,0,0,0,0,0,0,0,0,0,0,0,0,0,,,,,,,,
*00qra*,James Singleton,(N/A),"F,Flx",FA,,0,0,0,0,0,0,0,0,0,0,0,0,0,0,0,0,0,,,,,,,,
*051ph*,Deividas Sirvydis,(N/A),"G,Flx",FA,,0,0,0,0,0,0,0,0,0,0,0,0,0,0,0,0,0,,,,,,,,
*06iei*,Dmytro Skapintsev,(N/A),"C,Flx",FA,,0,0,0,0,0,0,0,0,0,0,0,0,0,0,0,0,0,,,,,,,,
*06mnv*,Brandon Slater,(N/A),"F,Flx",FA,,0,0,0,0,0,0,0,0,0,0,0,0,0,0,0,0,0,,,,,,,,
*049s8*,Nik Slavica,(N/A),"F,Flx",FA,,0,0,0,0,0,0,0,0,0,0,0,0,0,0,0,0,0,,,,,,,,
*051pj*,Alen Smailagic,(N/A),"F,Flx",FA,,0,0,0,0,0,0,0,0,0,0,0,0,0,0,0,0,0,,,,,,,,
*05wqq*,Javonte Smart,(N/A),"G,Flx",FA,,0,0,0,0,0,0,0,0,0,0,0,0,0,0,0,0,0,,,,,,,,
*05uuk*,Chris Smith,(N/A),"G,F,Flx",FA,,0,0,0,0,0,0,0,0,0,0,0,0,0,0,0,0,0,,,,,,,,
*0012a*,JR Smith,(N/A),"G,F,Flx",FA,,0,0,0,0,0,0,0,0,0,0,0,0,0,0,0,0,0,,,,,,,,
*0018s*,Jason Smith,(N/A),"F,C,Flx",FA,,0,0,0,0,0,0,0,0,0,0,0,0,0,0,0,0,0,,,,,,,,
*000zq*,Josh Smith,(N/A),"F,Flx",FA,,0,0,0,0,0,0,0,0,0,0,0,0,0,0,0,0,0,,,,,,,,
*06hsl*,Malachi Smith,(N/A),"G,Flx",FA,,0,0,0,0,0,0,0,0,0,0,0,0,0,0,0,0,0,,,,,,,,
*03lgj*,Ray Smith,(N/A),"F,Flx",FA,,0,0,0,0,0,0,0,0,0,0,0,0,0,0,0,0,0,,,,,,,,
*04xbb*,Scoochie Smith,(N/A),"G,Flx",FA,,0,0,0,0,0,0,0,0,0,0,0,0,0,0,0,0,0,,,,,,,,
*04qrt*,Zhaire Smith,(N/A),"G,Flx",FA,,0,0,0,0,0,0,0,0,0,0,0,0,0,0,0,0,0,,,,,,,,
*05qvt*,Xavier Sneed,(N/A),"F,Flx",FA,,0,0,0,0,0,0,0,0,0,0,0,0,0,0,0,0,0,,,,,,,,
*031m7*,Tony Snell,(N/A),"G,Flx",FA,,0,0,0,0,0,0,0,0,0,0,0,0,0,0,0,0,0,,,,,,,,
*03kub*,Richard Solomon,OKC,"F,Flx",FA,,0,0,0,0,0,0,0,0,0,0,0,0,0,0,0,0,0,,,,,,,,
*06moa*,Roman Sorkin,(N/A),"F,Flx",FA,,0,0,0,0,0,0,0,0,0,0,0,0,0,0,0,0,0,,,,,,,,
*0389e*,James Southerland,(N/A),"F,Flx",FA,,0,0,0,0,0,0,0,0,0,0,0,0,0,0,0,0,0,,,,,,,,
*04qsw*,Ray Spalding,(N/A),"F,Flx",FA,,0,0,0,0,0,0,0,0,0,0,0,0,0,0,0,0,0,,,,,,,,
*005ld*,Marreese Speights,(N/A),"F,C,Flx",FA,,0,0,0,0,0,0,0,0,0,0,0,0,0,0,0,0,0,,,,,,,,
*04qs7*,Omari Spellman,(N/A),"F,C,Flx",FA,,0,0,0,0,0,0,0,0,0,0,0,0,0,0,0,0,0,,,,,,,,
*05qt8*,Cassius Stanley,(N/A),"G,Flx",FA,,0,0,0,0,0,0,0,0,0,0,0,0,0,0,0,0,0,,,,,,,,
*04xhv*,Jonathan Stark,(N/A),"G,Flx",FA,,0,0,0,0,0,0,0,0,0,0,0,0,0,0,0,0,0,,,,,,,,
*03e6l*,Nik Stauskas,IND,"G,Flx",FA,,0,0,0,0,0,0,0,0,0,0,0,0,0,0,0,0,0,,,,,,,,
*03c0b*,D.J. Stephens,(N/A),"F,Flx",FA,,0,0,0,0,0,0,0,0,0,0,0,0,0,0,0,0,0,,,,,,,,
*01uza*,Lance Stephenson,(N/A),"F,Flx",FA,,0,0,0,0,0,0,0,0,0,0,0,0,0,0,0,0,0,,,,,,,,
*06qdx*,Erik Stevenson,(N/A),"G,Flx",FA,,0,0,0,0,0,0,0,0,0,0,0,0,0,0,0,0,0,,,,,,,,
*05xcn*,DJ Steward,CHI,"G,Flx",FA,,0,0,0,0,0,0,0,0,0,0,0,0,0,0,0,0,0,,,,,,,,
*05wvy*,D.J. Stewart,(N/A),"G,Flx",FA,,0,0,0,0,0,0,0,0,0,0,0,0,0,0,0,0,0,,,,,,,,
*04xge*,Elijah Stewart,(N/A),"G,Flx",FA,,0,0,0,0,0,0,0,0,0,0,0,0,0,0,0,0,0,,,,,,,,
*03e71*,Jarnell Stokes,(N/A),"F,Flx",FA,,0,0,0,0,0,0,0,0,0,0,0,0,0,0,0,0,0,,,,,,,,
*03llt*,Diamond Stone,(N/A),"C,Flx",FA,,0,0,0,0,0,0,0,0,0,0,0,0,0,0,0,0,0,,,,,,,,
*02h2k*,Julyan Stone,(N/A),"G,F,Flx",FA,,0,0,0,0,0,0,0,0,0,0,0,0,0,0,0,0,0,,,,,,,,
*0012s*,Rodney Stuckey,(N/A),"G,Flx",FA,,0,0,0,0,0,0,0,0,0,0,0,0,0,0,0,0,0,,,,,,,,
*03za1*,Scott Suggs,TOR,"G,Flx",FA,,0,0,0,0,0,0,0,0,0,0,0,0,0,0,0,0,0,,,,,,,,
*0480c*,Rasheed Sulaimon,(N/A),"G,Flx",FA,,0,0,0,0,0,0,0,0,0,0,0,0,0,0,0,0,0,,,,,,,,
*02nfl*,Jared Sullinger,(N/A),"F,C,Flx",FA,,0,0,0,0,0,0,0,0,0,0,0,0,0,0,0,0,0,,,,,,,,
*004zj*,Bob Sura,(N/A),"G,Flx",FA,,0,0,0,0,0,0,0,0,0,0,0,0,0,0,0,0,0,,,,,,,,
*05qvh*,Dwayne Sutton,(N/A),"F,Flx",FA,,0,0,0,0,0,0,0,0,0,0,0,0,0,0,0,0,0,,,,,,,,
*04ewq*,Caleb Swanigan,(N/A),"F,C,Flx",FA,,0,0,0,0,0,0,0,0,0,0,0,0,0,0,0,0,0,,,,,,,,
*05ya8*,Craig Sword,(N/A),"G,Flx",FA,,0,0,0,0,0,0,0,0,0,0,0,0,0,0,0,0,0,,,,,,,,
*03wqx*,Keifer Sykes,(N/A),"G,Flx",FA,,0,0,0,0,0,0,0,0,0,0,0,0,0,0,0,0,0,,,,,,,,
*05x7f*,Anthony Tarke,(N/A),"G,Flx",FA,,0,0,0,0,0,0,0,0,0,0,0,0,0,0,0,0,0,,,,,,,,
*03e77*,Edy Tavares,(N/A),"C,Flx",FA,,0,0,0,0,0,0,0,0,0,0,0,0,0,0,0,0,0,,,,,,,,
*059ws*,BJ Taylor,(N/A),"G,Flx",FA,,0,0,0,0,0,0,0,0,0,0,0,0,0,0,0,0,0,,,,,,,,
*00515*,Donell Taylor,(N/A),"G,Flx",FA,,0,0,0,0,0,0,0,0,0,0,0,0,0,0,0,0,0,,,,,,,,
*048yg*,Isaiah Taylor,(N/A),"G,Flx",FA,,0,0,0,0,0,0,0,0,0,0,0,0,0,0,0,0,0,,,,,,,,
*01eni*,Jermaine Taylor,(N/A),"G,Flx",FA,,0,0,0,0,0,0,0,0,0,0,0,0,0,0,0,0,0,,,,,,,,
*05qzj*,Marlon Taylor,(N/A),"G,Flx",FA,,0,0,0,0,0,0,0,0,0,0,0,0,0,0,0,0,0,,,,,,,,
*01en2*,Jeff Teague,(N/A),"G,Flx",FA,,0,0,0,0,0,0,0,0,0,0,0,0,0,0,0,0,0,,,,,,,,
*05uux*,MaCio Teague,(N/A),"G,Flx",FA,,0,0,0,0,0,0,0,0,0,0,0,0,0,0,0,0,0,,,,,,,,
*02nft*,Marquis Teague,(N/A),"G,Flx",FA,,0,0,0,0,0,0,0,0,0,0,0,0,0,0,0,0,0,,,,,,,,
*02oe8*,Mirza Teletovic,(N/A),"F,Flx",FA,,0,0,0,0,0,0,0,0,0,0,0,0,0,0,0,0,0,,,,,,,,
*03yxu*,Milos Teodosic,(N/A),"G,Flx",FA,,0,0,0,0,0,0,0,0,0,0,0,0,0,0,0,0,0,,,,,,,,
*06mo4*,Christian Terrell,(N/A),"G,Flx",FA,,0,0,0,0,0,0,0,0,0,0,0,0,0,0,0,0,0,,,,,,,,
*04xhw*,Jared Terrell,(N/A),"G,Flx",FA,,0,0,0,0,0,0,0,0,0,0,0,0,0,0,0,0,0,,,,,,,,
*04xk5*,Emanuel Terry,(N/A),"F,Flx",FA,,0,0,0,0,0,0,0,0,0,0,0,0,0,0,0,0,0,,,,,,,,
*0011q*,Jason Terry,(N/A),"G,Flx",FA,,0,0,0,0,0,0,0,0,0,0,0,0,0,0,0,0,0,,,,,,,,
*05qth*,Tyrell Terry,(N/A),"G,Flx",FA,,0,0,0,0,0,0,0,0,0,0,0,0,0,0,0,0,0,,,,,,,,
*05qzo*,Jon Teske,(N/A),"C,Flx",FA,,0,0,0,0,0,0,0,0,0,0,0,0,0,0,0,0,0,,,,,,,,
*01enp*,Hasheem Thabeet,(N/A),"C,Flx",FA,,0,0,0,0,0,0,0,0,0,0,0,0,0,0,0,0,0,,,,,,,,
*0393m*,Adonis Thomas,(N/A),"F,Flx",FA,,0,0,0,0,0,0,0,0,0,0,0,0,0,0,0,0,0,,,,,,,,
*05qyv*,Brodric Thomas,(N/A),"G,Flx",FA,,0,0,0,0,0,0,0,0,0,0,0,0,0,0,0,0,0,,,,,,,,
*027q9*,Isaiah Thomas,(N/A),"G,Flx",FA,,0,0,0,0,0,0,0,0,0,0,0,0,0,0,0,0,0,,,,,,,,
*04qsf*,Khyri Thomas,(N/A),"G,Flx",FA,,0,0,0,0,0,0,0,0,0,0,0,0,0,0,0,0,0,,,,,,,,
*02gxo*,Lance Thomas,(N/A),"G,F,Flx",FA,,0,0,0,0,0,0,0,0,0,0,0,0,0,0,0,0,0,,,,,,,,
*02gxq*,Malcolm Thomas,(N/A),"F,Flx",FA,,0,0,0,0,0,0,0,0,0,0,0,0,0,0,0,0,0,,,,,,,,
*052q1*,Matt Thomas,(N/A),"G,Flx",FA,,0,0,0,0,0,0,0,0,0,0,0,0,0,0,0,0,0,,,,,,,,
*05wkc*,Ethan Thompson,ORL,"G,Flx",FA,,0,0,0,0,0,0,0,0,0,0,0,0,0,0,0,0,0,,,,,,,,
*02vop*,Hollis Thompson,(N/A),"G,F,Flx",FA,,0,0,0,0,0,0,0,0,0,0,0,0,0,0,0,0,0,,,,,,,,
*023te*,Ryan Thompson,(N/A),"G,Flx",FA,,0,0,0,0,0,0,0,0,0,0,0,0,0,0,0,0,0,,,,,,,,
*01eo3*,Marcus Thornton,(N/A),"G,F,Flx",FA,,0,0,0,0,0,0,0,0,0,0,0,0,0,0,0,0,0,,,,,,,,
*04exb*,Sindarius Thornwell,ORL,"G,Flx",FA,,0,0,0,0,0,0,0,0,0,0,0,0,0,0,0,0,0,,,,,,,,
*03zl0*,Jarvis Threatt,(N/A),"G,Flx",FA,,0,0,0,0,0,0,0,0,0,0,0,0,0,0,0,0,0,,,,,,,,
*05qwu*,Killian Tillie,(N/A),"C,Flx",FA,,0,0,0,0,0,0,0,0,0,0,0,0,0,0,0,0,0,,,,,,,,
*05ya9*,Justin Tillman,(N/A),"F,Flx",FA,,0,0,0,0,0,0,0,0,0,0,0,0,0,0,0,0,0,,,,,,,,
*05xnb*,Jeremiah Tilmon,(N/A),"C,Flx",FA,,0,0,0,0,0,0,0,0,0,0,0,0,0,0,0,0,0,,,,,,,,
*05qze*,Tres Tinkle,(N/A),"F,Flx",FA,,0,0,0,0,0,0,0,0,0,0,0,0,0,0,0,0,0,,,,,,,,
*0013t*,Jamaal Tinsley,(N/A),"G,Flx",FA,,0,0,0,0,0,0,0,0,0,0,0,0,0,0,0,0,0,,,,,,,,
*02gxj*,Mike Tisdale,(N/A),"C,Flx",FA,,0,0,0,0,0,0,0,0,0,0,0,0,0,0,0,0,0,,,,,,,,
*044te*,Mike Tobey,CHA,"C,Flx",FA,CHA 94<br/>@NO 98 F,0,0,0,0,0,0,0,0,0,0,0,0,0,0,0,0,0,,,,,,,,
*03l5d*,Yuki Togashi,(N/A),"G,Flx",FA,,0,0,0,0,0,0,0,0,0,0,0,0,0,0,0,0,0,,,,,,,,
*03r8b*,J.P. Tokoto,(N/A),"F,Flx",FA,,0,0,0,0,0,0,0,0,0,0,0,0,0,0,0,0,0,,,,,,,,
*004zh*,Anthony Tolliver,(N/A),"F,Flx",FA,,0,0,0,0,0,0,0,0,0,0,0,0,0,0,0,0,0,,,,,,,,
*06mpg*,Keisei Tominaga,(N/A),"G,Flx",FA,,0,0,0,0,0,0,0,0,0,0,0,0,0,0,0,0,0,,,,,,,,
*06hn1*,AuDiese Toney,(N/A),"G,Flx",FA,,0,0,0,0,0,0,0,0,0,0,0,0,0,0,0,0,0,,,,,,,,
*05qz0*,Jake Toolson,(N/A),"G,Flx",FA,,0,0,0,0,0,0,0,0,0,0,0,0,0,0,0,0,0,,,,,,,,
*03se3*,Axel Toupane,(N/A),"G,Flx",FA,,0,0,0,0,0,0,0,0,0,0,0,0,0,0,0,0,0,,,,,,,,
*06hpn*,Reid Travis,(N/A),"F,Flx",FA,,0,0,0,0,0,0,0,0,0,0,0,0,0,0,0,0,0,,,,,,,,
*03wo8*,Travis Trice II,(N/A),"G,Flx",FA,,0,0,0,0,0,0,0,0,0,0,0,0,0,0,0,0,0,,,,,,,,
*03lgk*,Allonzo Trier,(N/A),"G,Flx",FA,,0,0,0,0,0,0,0,0,0,0,0,0,0,0,0,0,0,,,,,,,,
*04l9b*,Melo Trimble,(N/A),"G,Flx",FA,,0,0,0,0,0,0,0,0,0,0,0,0,0,0,0,0,0,,,,,,,,
*05qye*,Jahlil Tripp,(N/A),"F,Flx",FA,,0,0,0,0,0,0,0,0,0,0,0,0,0,0,0,0,0,,,,,,,,
*06ceu*,Azuolas Tubelis,(N/A),"F,Flx",FA,,0,0,0,0,0,0,0,0,0,0,0,0,0,0,0,0,0,,,,,,,,
*06mov*,Jordan Tucker,(N/A),"F,Flx",FA,,0,0,0,0,0,0,0,0,0,0,0,0,0,0,0,0,0,,,,,,,,
*059qe*,Rayjon Tucker,MIL,"G,Flx",FA,ATL 145<br/>@MIL 124 F,0,0,0,0,0,0,0,0,0,0,0,0,0,0,0,0,0,,,,,,,,
*06hru*,Ryan Turell,(N/A),"F,Flx",FA,,0,0,0,0,0,0,0,0,0,0,0,0,0,0,0,0,0,,,,,,,,
*01uyb*,Evan Turner,(N/A),"G,F,Flx",FA,,0,0,0,0,0,0,0,0,0,0,0,0,0,0,0,0,0,,,,,,,,
*05qxt*,Breein Tyree,(N/A),"G,Flx",FA,,0,0,0,0,0,0,0,0,0,0,0,0,0,0,0,0,0,,,,,,,,
*01uyi*,Ekpe Udoh,(N/A),"F,C,Flx",FA,,0,0,0,0,0,0,0,0,0,0,0,0,0,0,0,0,0,,,,,,,,
*0019v*,Beno Udrih,(N/A),"G,Flx",FA,,0,0,0,0,0,0,0,0,0,0,0,0,0,0,0,0,0,,,,,,,,
*042nu*,Tyler Ulis,(N/A),"G,Flx",FA,,0,0,0,0,0,0,0,0,0,0,0,0,0,0,0,0,0,,,,,,,,
*03wkm*,Robert Upshaw,(N/A),"C,Flx",FA,,0,0,0,0,0,0,0,0,0,0,0,0,0,0,0,0,0,,,,,,,,
*04576*,Jarrod Uthoff,(N/A),"F,Flx",FA,,0,0,0,0,0,0,0,0,0,0,0,0,0,0,0,0,0,,,,,,,,
*042na*,Denzel Valentine,(N/A),"G,Flx",FA,,0,0,0,0,0,0,0,0,0,0,0,0,0,0,0,0,0,,,,,,,,
*06hi8*,Vincent Valerio-Bodon,LAL,"F,Flx",FA,,0,0,0,0,0,0,0,0,0,0,0,0,0,0,0,0,0,,,,,,,,
*0011g*,Anderson Varejao,(N/A),"F,C,Flx",FA,,0,0,0,0,0,0,0,0,0,0,0,0,0,0,0,0,0,,,,,,,,
*01uym*,Greivis Vasquez,(N/A),"G,Flx",FA,,0,0,0,0,0,0,0,0,0,0,0,0,0,0,0,0,0,,,,,,,,
*064s5*,Chandler Vaudrin,(N/A),"G,Flx",FA,,0,0,0,0,0,0,0,0,0,0,0,0,0,0,0,0,0,,,,,,,,
*03r7f*,Rashad Vaughn,(N/A),"G,F,Flx",FA,,0,0,0,0,0,0,0,0,0,0,0,0,0,0,0,0,0,,,,,,,,
*06mo3*,Santiago Vescovi,(N/A),"G,Flx",FA,,0,0,0,0,0,0,0,0,0,0,0,0,0,0,0,0,0,,,,,,,,
*05rzi*,Luca Vildoza,(N/A),"G,Flx",FA,,0,0,0,0,0,0,0,0,0,0,0,0,0,0,0,0,0,,,,,,,,
*0017g*,Marcus Vinicius,(N/A),"F,Flx",FA,,0,0,0,0,0,0,0,0,0,0,0,0,0,0,0,0,0,,,,,,,,
*05r0e*,Christian Vital,(N/A),"G,Flx",FA,,0,0,0,0,0,0,0,0,0,0,0,0,0,0,0,0,0,,,,,,,,
*0015y*,Jake Voskuhl,(N/A),"C,Flx",FA,,0,0,0,0,0,0,0,0,0,0,0,0,0,0,0,0,0,,,,,,,,
*0014t*,Sasha Vujacic,(N/A),"G,Flx",FA,,0,0,0,0,0,0,0,0,0,0,0,0,0,0,0,0,0,,,,,,,,
*02nf4*,Dion Waiters,(N/A),"G,F,Flx",FA,,0,0,0,0,0,0,0,0,0,0,0,0,0,0,0,0,0,,,,,,,,
*03wp1*,Corey Walden,(N/A),"G,Flx",FA,,0,0,0,0,0,0,0,0,0,0,0,0,0,0,0,0,0,,,,,,,,
*06fk6*,Jordan Walker,(N/A),"G,Flx",FA,,0,0,0,0,0,0,0,0,0,0,0,0,0,0,0,0,0,,,,,,,,
*05uwr*,M.J. Walker,(N/A),"G,Flx",FA,,0,0,0,0,0,0,0,0,0,0,0,0,0,0,0,0,0,,,,,,,,
*042oj*,Tyrone Wallace,(N/A),"G,Flx",FA,,0,0,0,0,0,0,0,0,0,0,0,0,0,0,0,0,0,,,,,,,,
*04jw8*,Derrick Walton,DET,"G,Flx",FA,DET 104<br/>@MIN 123 F,0,0,0,0,0,0,0,0,0,0,0,0,0,0,0,0,0,,,,,,,,
*0014s*,Luke Walton,(N/A),"F,Flx",FA,,0,0,0,0,0,0,0,0,0,0,0,0,0,0,0,0,0,,,,,,,,
*02gxr*,Brad Wanamaker,(N/A),"G,Flx",FA,,0,0,0,0,0,0,0,0,0,0,0,0,0,0,0,0,0,,,,,,,,
*06mok*,Tyson Ward,(N/A),"F,Flx",FA,,0,0,0,0,0,0,0,0,0,0,0,0,0,0,0,0,0,,,,,,,,
*048tg*,Jameel Warney,DAL,"F,Flx",FA,,0,0,0,0,0,0,0,0,0,0,0,0,0,0,0,0,0,,,,,,,,
*03wl1*,Jason Washburn,(N/A),"C,Flx",FA,,0,0,0,0,0,0,0,0,0,0,0,0,0,0,0,0,0,,,,,,,,
*03xmk*,Julian Washburn,(N/A),"F,Flx",FA,,0,0,0,0,0,0,0,0,0,0,0,0,0,0,0,0,0,,,,,,,,
*023z6*,Michael Washington,(N/A),"F,C,Flx",FA,,0,0,0,0,0,0,0,0,0,0,0,0,0,0,0,0,0,,,,,,,,
*06qf5*,Warren Washington,(N/A),"F,Flx",FA,,0,0,0,0,0,0,0,0,0,0,0,0,0,0,0,0,0,,,,,,,,
*051pv*,Tremont Waters,(N/A),"G,Flx",FA,,0,0,0,0,0,0,0,0,0,0,0,0,0,0,0,0,0,,,,,,,,
*05xoa*,Ibi Watson,(N/A),"G,Flx",FA,,0,0,0,0,0,0,0,0,0,0,0,0,0,0,0,0,0,,,,,,,,
*04xlm*,Paul Watson,(N/A),"G,F,Flx",FA,,0,0,0,0,0,0,0,0,0,0,0,0,0,0,0,0,0,,,,,,,,
*02pxd*,Maalik Wayns,(N/A),"G,Flx",FA,,0,0,0,0,0,0,0,0,0,0,0,0,0,0,0,0,0,,,,,,,,
*03kt9*,David Wear,SAC,"F,Flx",FA,,0,0,0,0,0,0,0,0,0,0,0,0,0,0,0,0,0,,,,,,,,
*03k51*,Travis Wear,(N/A),"F,Flx",FA,,0,0,0,0,0,0,0,0,0,0,0,0,0,0,0,0,0,,,,,,,,
*051pt*,Quinndary Weatherspoon,(N/A),"G,Flx",FA,,0,0,0,0,0,0,0,0,0,0,0,0,0,0,0,0,0,,,,,,,,
*0484j*,James Webb III,(N/A),"F,Flx",FA,,0,0,0,0,0,0,0,0,0,0,0,0,0,0,0,0,0,,,,,,,,
*03xlt*,Briante Weber,(N/A),"G,Flx",FA,,0,0,0,0,0,0,0,0,0,0,0,0,0,0,0,0,0,,,,,,,,
*03wov*,Corey Webster,(N/A),"G,Flx",FA,,0,0,0,0,0,0,0,0,0,0,0,0,0,0,0,0,0,,,,,,,,
*0019d*,Martell Webster,(N/A),"G,F,Flx",FA,,0,0,0,0,0,0,0,0,0,0,0,0,0,0,0,0,0,,,,,,,,
*05xnf*,Romeo Weems,(N/A),"F,Flx",FA,,0,0,0,0,0,0,0,0,0,0,0,0,0,0,0,0,0,,,,,,,,
*04qsy*,Thomas Welsh,(N/A),"C,Flx",FA,,0,0,0,0,0,0,0,0,0,0,0,0,0,0,0,0,0,,,,,,,,
*03zl1*,Byron Wesley,(N/A),"G,Flx",FA,,0,0,0,0,0,0,0,0,0,0,0,0,0,0,0,0,0,,,,,,,,
*05qzn*,Kaleb Wesson,(N/A),"F,C,Flx",FA,,0,0,0,0,0,0,0,0,0,0,0,0,0,0,0,0,0,,,,,,,,
*03926*,Charlie Westbrook,(N/A),"G,Flx",FA,,0,0,0,0,0,0,0,0,0,0,0,0,0,0,0,0,0,,,,,,,,
*064s7*,Isaiah Whaley,(N/A),"F,Flx",FA,,0,0,0,0,0,0,0,0,0,0,0,0,0,0,0,0,0,,,,,,,,
*04l1t*,Andrew White,(N/A),"F,Flx",FA,,0,0,0,0,0,0,0,0,0,0,0,0,0,0,0,0,0,,,,,,,,
*06305*,Fabian White,(N/A),"F,Flx",FA,,0,0,0,0,0,0,0,0,0,0,0,0,0,0,0,0,0,,,,,,,,
*00525*,James White,(N/A),"G,F,Flx",FA,,0,0,0,0,0,0,0,0,0,0,0,0,0,0,0,0,0,,,,,,,,
*043vx*,Okaro White,(N/A),"F,Flx",FA,,0,0,0,0,0,0,0,0,0,0,0,0,0,0,0,0,0,,,,,,,,
*042o1*,Isaiah Whitehead,(N/A),"G,Flx",FA,,0,0,0,0,0,0,0,0,0,0,0,0,0,0,0,0,0,,,,,,,,
*01uz4*,Hassan Whiteside,(N/A),"C,Flx",FA,,0,0,0,0,0,0,0,0,0,0,0,0,0,0,0,0,0,,,,,,,,
*05qyt*,Kahlil Whitney,(N/A),"F,Flx",FA,,0,0,0,0,0,0,0,0,0,0,0,0,0,0,0,0,0,,,,,,,,
*06mo5*,Jimmy Whitt,GS,"G,Flx",FA,GS 148<br/>@SA 106 F,0,0,0,0,0,0,0,0,0,0,0,0,0,0,0,0,0,,,,,,,,
*05qvy*,Greg Whittington,(N/A),"F,Flx",FA,,0,0,0,0,0,0,0,0,0,0,0,0,0,0,0,0,0,,,,,,,,
*03wm6*,Nick Wiggins,(N/A),"G,Flx",FA,,0,0,0,0,0,0,0,0,0,0,0,0,0,0,0,0,0,,,,,,,,
*03sir*,Scottie Wilbekin,(N/A),"G,Flx",FA,,0,0,0,0,0,0,0,0,0,0,0,0,0,0,0,0,0,,,,,,,,
*03e6v*,CJ Wilcox,(N/A),"G,Flx",FA,,0,0,0,0,0,0,0,0,0,0,0,0,0,0,0,0,0,,,,,,,,
*04iy9*,Jacob Wiley,(N/A),"G,Flx",FA,,0,0,0,0,0,0,0,0,0,0,0,0,0,0,0,0,0,,,,,,,,
*02wyj*,Tyler Wilkerson,(N/A),"F,Flx",FA,,0,0,0,0,0,0,0,0,0,0,0,0,0,0,0,0,0,,,,,,,,
*03z95*,Alan Williams,(N/A),"F,C,Flx",FA,,0,0,0,0,0,0,0,0,0,0,0,0,0,0,0,0,0,,,,,,,,
*0666j*,Bryson Williams,(N/A),"F,Flx",FA,,0,0,0,0,0,0,0,0,0,0,0,0,0,0,0,0,0,,,,,,,,
*048th*,C.J. Williams,(N/A),"G,Flx",FA,,0,0,0,0,0,0,0,0,0,0,0,0,0,0,0,0,0,,,,,,,,
*001bk*,Deron Williams,(N/A),"G,Flx",FA,,0,0,0,0,0,0,0,0,0,0,0,0,0,0,0,0,0,,,,,,,,
*027ol*,Derrick Williams,LAL,"F,Flx",FA,,0,0,0,0,0,0,0,0,0,0,0,0,0,0,0,0,0,,,,,,,,
*0051v*,Donell Williams,(N/A),"G,Flx",FA,,0,0,0,0,0,0,0,0,0,0,0,0,0,0,0,0,0,,,,,,,,
*06668*,Donovan Williams,(N/A),"G,Flx",FA,,0,0,0,0,0,0,0,0,0,0,0,0,0,0,0,0,0,,,,,,,,
*06ps6*,Jaylin Williams,DEN,"F,Flx",FA,,0,0,0,0,0,0,0,0,0,0,0,0,0,0,0,0,0,,,,,,,,
*04xgk*,Johnathan Williams,(N/A),"F,Flx",FA,,0,0,0,0,0,0,0,0,0,0,0,0,0,0,0,0,0,,,,,,,,
*06hqr*,KJ Williams,(N/A),"F,Flx",FA,,0,0,0,0,0,0,0,0,0,0,0,0,0,0,0,0,0,,,,,,,,
*0018n*,Lou Williams,(N/A),"G,Flx",FA,,0,0,0,0,0,0,0,0,0,0,0,0,0,0,0,0,0,,,,,,,,
*06l10*,Malik Williams,(N/A),"C,Flx",FA,,0,0,0,0,0,0,0,0,0,0,0,0,0,0,0,0,0,,,,,,,,
*00172*,Marcus Williams,(N/A),"G,Flx",FA,,0,0,0,0,0,0,0,0,0,0,0,0,0,0,0,0,0,,,,,,,,
*000zr*,Marvin Williams,(N/A),"F,Flx",FA,,0,0,0,0,0,0,0,0,0,0,0,0,0,0,0,0,0,,,,,,,,
*04jw3*,T.J. Williams,(N/A),"G,Flx",FA,,0,0,0,0,0,0,0,0,0,0,0,0,0,0,0,0,0,,,,,,,,
*045qi*,Troy Williams,(N/A),"G,F,Flx",FA,,0,0,0,0,0,0,0,0,0,0,0,0,0,0,0,0,0,,,,,,,,
*04exi*,Nigel Williams-Goss,(N/A),"G,Flx",FA,,0,0,0,0,0,0,0,0,0,0,0,0,0,0,0,0,0,,,,,,,,
*065b9*,Lucas Williamson,(N/A),"G,Flx",FA,,0,0,0,0,0,0,0,0,0,0,0,0,0,0,0,0,0,,,,,,,,
*06hre*,Bryce Wills,(N/A),"G,Flx",FA,,0,0,0,0,0,0,0,0,0,0,0,0,0,0,0,0,0,,,,,,,,
*04ewi*,D.J. Wilson,PHI,"F,Flx",FA,TOR 127<br/>@PHI 109 F,0,0,0,0,0,0,0,0,0,0,0,0,0,0,0,0,0,,,,,,,,
*03kta*,Jamil Wilson,(N/A),"F,Flx",FA,,0,0,0,0,0,0,0,0,0,0,0,0,0,0,0,0,0,,,,,,,,
*048yh*,Kyle Wiltjer,(N/A),"F,Flx",FA,,0,0,0,0,0,0,0,0,0,0,0,0,0,0,0,0,0,,,,,,,,
*02h00*,Jeremy Wise,(N/A),"G,Flx",FA,,0,0,0,0,0,0,0,0,0,0,0,0,0,0,0,0,0,,,,,,,,
*059qd*,Todd Withers,(N/A),"F,Flx",FA,,0,0,0,0,0,0,0,0,0,0,0,0,0,0,0,0,0,,,,,,,,
*02wyk*,Wesley Witherspoon,(N/A),"G,F,Flx",FA,,0,0,0,0,0,0,0,0,0,0,0,0,0,0,0,0,0,,,,,,,,
*031mp*,Jeff Withey,(N/A),"C,Flx",FA,,0,0,0,0,0,0,0,0,0,0,0,0,0,0,0,0,0,,,,,,,,
*031mo*,Nate Wolters,(N/A),"G,Flx",FA,,0,0,0,0,0,0,0,0,0,0,0,0,0,0,0,0,0,,,,,,,,
*06ptn*,Moses Wood,(N/A),"F,Flx",FA,,0,0,0,0,0,0,0,0,0,0,0,0,0,0,0,0,0,,,,,,,,
*048yk*,Scott Wood,(N/A),"F,Flx",FA,,0,0,0,0,0,0,0,0,0,0,0,0,0,0,0,0,0,,,,,,,,
*05qtw*,Robert Woodard,(N/A),"G,F,Flx",FA,,0,0,0,0,0,0,0,0,0,0,0,0,0,0,0,0,0,,,,,,,,
*06moq*,Trey Woodbury,(N/A),"G,Flx",FA,,0,0,0,0,0,0,0,0,0,0,0,0,0,0,0,0,0,,,,,,,,
*0055b*,Loren Woods,(N/A),"C,Flx",FA,,0,0,0,0,0,0,0,0,0,0,0,0,0,0,0,0,0,,,,,,,,
*059cn*,Kenny Wooten,(N/A),"F,Flx",FA,,0,0,0,0,0,0,0,0,0,0,0,0,0,0,0,0,0,,,,,,,,
*0019q*,Metta World Peace,(N/A),"F,Flx",FA,,0,0,0,0,0,0,0,0,0,0,0,0,0,0,0,0,0,,,,,,,,
*00137*,Brandan Wright,(N/A),"F,C,Flx",FA,,0,0,0,0,0,0,0,0,0,0,0,0,0,0,0,0,0,,,,,,,,
*02gun*,Chris Wright,(N/A),"F,Flx",FA,,0,0,0,0,0,0,0,0,0,0,0,0,0,0,0,0,0,,,,,,,,
*0015q*,Dorell Wright,(N/A),"G,F,Flx",FA,,0,0,0,0,0,0,0,0,0,0,0,0,0,0,0,0,0,,,,,,,,
*0440y*,Joel Wright,(N/A),"F,Flx",FA,,0,0,0,0,0,0,0,0,0,0,0,0,0,0,0,0,0,,,,,,,,
*05wqi*,Moses Wright,(N/A),"F,Flx",FA,,0,0,0,0,0,0,0,0,0,0,0,0,0,0,0,0,0,,,,,,,,
*051px*,Justin Wright-Foreman,(N/A),"G,Flx",FA,,0,0,0,0,0,0,0,0,0,0,0,0,0,0,0,0,0,,,,,,,,
*02nfp*,Tony Wroten,(N/A),"G,Flx",FA,,0,0,0,0,0,0,0,0,0,0,0,0,0,0,0,0,0,,,,,,,,
*0393j*,Khalif Wyatt,(N/A),"G,Flx",FA,,0,0,0,0,0,0,0,0,0,0,0,0,0,0,0,0,0,,,,,,,,
*04xk6*,Ding Yanyuhang,(N/A),"F,Flx",FA,,0,0,0,0,0,0,0,0,0,0,0,0,0,0,0,0,0,,,,,,,,
*04w4j*,Gabe York,(N/A),"G,Flx",FA,,0,0,0,0,0,0,0,0,0,0,0,0,0,0,0,0,0,,,,,,,,
*03aq0*,James Young,(N/A),"G,Flx",FA,,0,0,0,0,0,0,0,0,0,0,0,0,0,0,0,0,0,,,,,,,,
*03r7x*,Joe Young,(N/A),"G,Flx",FA,,0,0,0,0,0,0,0,0,0,0,0,0,0,0,0,0,0,,,,,,,,
*001c3*,Nick Young,(N/A),"G,F,Flx",FA,,0,0,0,0,0,0,0,0,0,0,0,0,0,0,0,0,0,,,,,,,,
*03g45*,Patric Young,(N/A),"F,Flx",FA,,0,0,0,0,0,0,0,0,0,0,0,0,0,0,0,0,0,,,,,,,,
*0053v*,Sun Yue,(N/A),"F,Flx",FA,,0,0,0,0,0,0,0,0,0,0,0,0,0,0,0,0,0,,,,,,,,
*042nv*,Rade Zagorac,(N/A),"F,Flx",FA,,0,0,0,0,0,0,0,0,0,0,0,0,0,0,0,0,0,,,,,,,,
*03kua*,Talib Zanna,(N/A),"F,Flx",FA,,0,0,0,0,0,0,0,0,0,0,0,0,0,0,0,0,0,,,,,,,,
*05ujn*,Marcus Zegarowski,(N/A),"G,Flx",FA,,0,0,0,0,0,0,0,0,0,0,0,0,0,0,0,0,0,,,,,,,,
*04817*,Nick Zeisloft,(N/A),"G,Flx",FA,,0,0,0,0,0,0,0,0,0,0,0,0,0,0,0,0,0,,,,,,,,
*02nfh*,Tyler Zeller,(N/A),"F,C,Flx",FA,,0,0,0,0,0,0,0,0,0,0,0,0,0,0,0,0,0,,,,,,,,
*042og*,Wang Zhelin,(N/A),"C,Flx",FA,,0,0,0,0,0,0,0,0,0,0,0,0,0,0,0,0,0,,,,,,,,
*042o0*,Stephen Zimmerman Jr.,(N/A),"F,C,Flx",FA,,0,0,0,0,0,0,0,0,0,0,0,0,0,0,0,0,0,,,,,,,,
*042o7*,Paul Zipser,(N/A),"F,Flx",FA,,0,0,0,0,0,0,0,0,0,0,0,0,0,0,0,0,0,,,,,,,,
*04412*,Maik Zirbes,(N/A),"C,Flx",FA,,0,0,0,0,0,0,0,0,0,0,0,0,0,0,0,0,0,,,,,,,,
*042ni*,Ante Zizic,(N/A),"C,Flx",FA,,0,0,0,0,0,0,0,0,0,0,0,0,0,0,0,0,0,,,,,,,,
*04lcm*,George de Paula,(N/A),"G,Flx",FA,,0,0,0,0,0,0,0,0,0,0,0,0,0,0,0,0,0,,,,,,,,
*0623h*,Alondes Williams,DET,"G,Flx",FA,,-2,-2,1,0,0,0,0,0,1,0,0,0,2,0,0,0,0,,,,,,,,
*05qsm*,Marko Simonovic,(N/A),"C,Flx",FA,,-2,-0.67,3,1,0,0,0,0,0,0,0,0,0,0,0,0,0,,,,,,,,
*05uj5*,Isaiah Todd,(N/A),"F,Flx",FA,,-2,-0.5,4,3,0,0,2,0,0,0,0,0,0,0,0,0,0,,,,,,,,
*04rvx*,Deonte Burton,(N/A),"G,F,Flx",FA,,-4,-2,2,2,0,0,0,0,0,0,0,0,0,0,0,0,0,,,,,,,,
